imdb_id,budget,revenue,profit
tt0114709,30000000,373554033,343554033
tt0113497,65000000,262797249,197797249
tt0114885,16000000,81452156,65452156
tt0113277,60000000,187436818,127436818
tt0114576,35000000,64350171,29350171
tt0113189,58000000,352194034,294194034
tt0112346,62000000,107879496,45879496
tt0113987,44000000,13681765,-30318235
tt0112760,98000000,10017322,-87982678
tt0112641,52000000,116112375,64112375
tt0114388,16500000,135000000,118500000
tt0113101,4000000,4300000,300000
tt0112281,30000000,212385533,182385533
tt0113845,60000000,35431113,-24568887
tt0113161,30250000,115101622,84851622
tt0112401,50000000,30303072,-19696928
tt0113627,3600000,49800000,46200000
tt0114011,12000000,27400000,15400000
tt0112682,18000000,1738611,-16261389
tt0114746,29500000,168840000,139340000
tt0112431,30000000,254134910,224134910
tt0112818,11000000,39363635,28363635
tt0113855,18000000,122195920,104195920
tt0114681,20000000,21284514,1284514
tt0113347,10000000,23574130,13574130
tt0114369,33000000,327311859,294311859
tt0114148,55000000,346079773,291079773
tt0114814,6000000,23341568,17341568
tt0113819,15000000,6700000,-8300000
tt0113118,3500000,28215918,24715918
tt0116367,19000000,25836616,6836616
tt0113010,50000000,11534477,-38465523
tt0115676,15000000,2042530,-12957470
tt0114367,20000000,5781885,-14218115
tt0114660,8000000,529766,-7470234
tt0118158,38000000,10300000,-27700000
tt0113972,8169363,8175346,5983
tt0117002,47000000,12379402,-34620598
tt0114825,14000000,19800000,5800000
tt0115759,50000000,150270147,100270147
tt0115734,7000000,560069,-6439931
tt0116483,12000000,41205099,29205099
tt0112579,24000000,182016617,158016617
tt0112573,72000000,210000000,138000000
tt0075314,1300000,28262574,26962574
tt0113326,7500000,32392047,24892047
tt0114536,25000000,6278139,-18721861
tt0103859,40000000,70100000,30100000
tt0116324,7000000,14702438,7702438
tt0113451,50000000,9851610,-40148390
tt0115685,31000000,185260553,154260553
tt0112442,19000000,141407024,122407024
tt0112427,4000000,851545,-3148455
tt0112384,52000000,355237933,303237933
tt0114287,28000000,31596911,3596911
tt0112462,100000000,336529144,236529144
tt0112541,2000000,1275000,-725000
tt0109370,11000000,178104,-10821896
tt0112642,50000000,287928194,237928194
tt0112688,25000000,13071518,-11928482
tt0112715,50000000,152022101,102022101
tt0112740,53000000,157387195,104387195
tt0112851,7000000,25405445,18405445
tt0112857,27000000,16140822,-10859178
tt0112864,90000000,366101666,276101666
tt0113071,55000000,127600435,72600435
tt0113243,20000000,7563728,-12436272
tt0113481,25000000,19075720,-5924280
tt0113492,90000000,113493481,23493481
tt0113540,1500000,7412216,5912216
tt0113677,500000,1148752,648752
tt0113749,6000000,2122561,-3877439
tt0113820,15000000,66000000,51000000
tt0110604,2,1,-1
tt0113957,22000000,110627965,88627965
tt0114095,150000,472370,322370
tt0114194,8,16,8
tt0114345,50000000,10382407,-39617593
tt0114436,45000000,20350754,-24649246
tt0114478,7000000,8349430,1349430
tt0114508,35000000,113374103,78374103
tt0114558,42000000,7959291,-34040709
tt0114666,14000000,5780000,-8220000
tt0114781,60000000,104324083,44324083
tt0114887,20000000,50012507,30012507
tt0114898,175000000,264218220,89218220
tt0111579,2800000,2616503,-183497
tt0112471,2500000,5535405,3035405
tt0112508,10000000,26488734,16488734
tt0112571,21000000,23450000,2450000
tt0109445,27000,3151130,3124130
tt0112883,25000000,22200000,-2800000
tt0109635,55000000,214015089,159015089
tt0109686,16000000,247275374,231275374
tt0109707,18000000,5887457,-12112543
tt0113303,15000000,12201255,-2798745
tt0110057,700000,7830611,7130611
tt0110005,5000000,3049135,-1950865
tt0110066,10500000,26325256,15825256
tt0110148,60000000,223664608,163664608
tt0113463,14000000,2474000,-11526000
tt0110216,60000000,37000000,-23000000
tt0076759,11000000,775398007,764398007
tt0103994,2000000,21665468,19665468
tt0110322,30000000,160638883,130638883
tt0113691,17000000,7603766,-9396234
tt0109836,45000000,112006296,67006296
tt0113808,6,5,-1
tt0110638,31000000,106683817,75683817
tt0110632,34000000,50282766,16282766
tt0114069,50000000,189859560,139859560
tt0110413,16000000,45284974,29284974
tt0114113,11000000,2832826,-8167174
tt0110912,8000000,213928762,205928762
tt0105652,400000,152322,-247678
tt0114214,32000000,18552460,-13447540
tt0114296,22000000,12400000,-9600000
tt0110907,15000000,11300653,-3699347
tt0111333,35000000,9771658,-25228342
tt0111255,45000000,170362582,125362582
tt0111282,55000000,196567262,141567262
tt0111070,22000000,189833357,167833357
tt0111161,25000000,28341469,3341469
tt0114614,25000000,4064495,-20935505
tt0111280,38000000,120000000,82000000
tt0114609,6000000,12000000,6000000
tt0108550,11000000,10032765,-967235
tt0114857,30000000,24048000,-5952000
tt0114924,17000000,182057016,165057016
tt0110598,3000000,15119639,12119639
tt0109040,15000000,107217396,92217396
tt0104779,5000000,1862805,-3137195
tt0109444,62000000,215887717,153887717
tt0109446,45000000,117615211,72615211
tt0109506,15000000,94000000,79000000
tt0109813,46000000,341631208,295631208
tt0109830,55000000,677945399,622945399
tt0109831,6000000,254700832,248700832
tt0110093,45000000,61947267,16947267
tt0110357,45000000,788241776,743241776
tt0107426,35000000,4858139,-30141861
tt0111686,14000000,18090181,4090181
tt0110475,23000000,351583407,328583407
tt0110622,30000000,51132598,21132598
tt0110950,11500000,20079850,8579850
tt0105226,8000000,2000000,-6000000
tt0111257,30000000,350448145,320448145
tt0111438,27000000,101646581,74646581
tt0111503,115000000,378882411,263882411
tt0111756,63000000,25052000,-37948000
tt0110399,10000000,29392418,19392418
tt0110186,7000000,20851521,13851521
tt0111301,35000000,99423521,64423521
tt0110027,26000000,36800000,10800000
tt0113409,8000000,8946600,946600
tt0106226,34000000,32255440,-1744560
tt0109067,17080000,21011500,3931500
tt0109254,50000000,119208989,69208989
tt0106452,13000000,428868,-12571132
tt0106489,22000000,17287898,-4712102
tt0106505,13000000,2570145,-10429855
tt0106519,30000000,36516012,6516012
tt0106582,70000000,255000211,185000211
tt0109456,40000000,19726050,-20273950
tt0106677,6900000,7993039,1093039
tt0106697,57000000,159055768,102055768
tt0106941,30000000,11146270,-18853730
tt0106918,42000000,270248367,228248367
tt0106965,20000000,153698625,133698625
tt0106977,44000000,368875760,324875760
tt0107004,35000000,18635620,-16364380
tt0107076,18000000,74189677,56189677
tt0107144,25000000,133752825,108752825
tt0107206,40000000,176997168,136997168
tt0107207,13000000,65796862,52796862
tt0107290,63000000,920100000,857100000
tt0107302,9000000,2395231,-6604769
tt0110265,1500000,418961,-1081039
tt0107362,85000000,137298489,52298489
tt0107507,13500000,11285588,-2214412
tt0107554,3500000,27900000,24400000
tt0116253,55000000,121969216,66969216
tt0107614,25000000,441286195,416286195
tt0110657,12000000,15826984,3826984
tt0110678,20000000,15340000,-4660000
tt0107808,30000000,135130999,105130999
tt0107818,26000000,206678440,180678440
tt0107822,7000000,116700000,109700000
tt0107840,14000000,27515786,13515786
tt0110955,11000000,11439193,439193
tt0107943,11500000,23237911,11737911
tt0110971,40000000,24332324,-15667676
tt0107978,22000000,10696210,-11303790
tt0107977,20000000,35739755,15739755
tt0107983,11500000,3275585,-8224415
tt0108000,800000,1001437,201437
tt0108002,12000000,22750363,10750363
tt0108052,22000000,321365567,299365567
tt0111127,13000000,7820688,-5179312
tt0111143,25000000,48063435,23063435
tt0108160,21000000,227799884,206799884
tt0108162,40000000,116300000,76300000
tt0083658,28000000,33139618,5139618
tt0108174,20000000,11585483,-8414517
tt0108255,48000000,20915465,-27084535
tt0111323,7400000,7690013,290013
tt0111400,50000000,16478900,-33521100
tt0107688,18000000,75634409,57634409
tt0108333,30000000,53898845,23898845
tt0108358,25000000,56505065,31505065
tt0108399,12500000,12281551,-218449
tt0110763,27000000,13670688,-13329312
tt0099785,18000000,476684675,458684675
tt0099653,22000000,505000000,483000000
tt0103639,28000000,504050219,476050219
tt0103064,100000000,520000000,420000000
tt0099348,22000000,424208848,402208848
tt0096895,35000000,411348924,376348924
tt0102926,19000000,272742922,253742922
tt0029583,1488423,184925486,183437063
tt0101414,25000000,377350553,352350553
tt0032910,2600000,84300000,81700000
tt0100405,14000000,463000000,449000000
tt0065214,6244087,638641,-5605446
tt0116282,7000000,60611975,53611975
tt0116514,4000000,16675000,12675000
tt0065421,4000000,55675257,51675257
tt0117381,30000000,102616183,72616183
tt0116414,12000000,4939939,-7060061
tt0115956,46000000,100860818,54860818
tt0117060,80000000,457696359,377696359
tt0116136,57000000,115267375,58267375
tt0116683,38000000,28921264,-9078736
tt0116269,13000000,9789900,-3210100
tt0117705,80000000,250200000,170200000
tt0062711,9000000,2500000,-6500000
tt0117104,25000000,10070000,-14930000
tt0117420,30000000,57400547,27400547
tt0095776,31000000,74151346,43151346
tt0116322,25530000,20080020,-5449980
tt0113362,35000000,15000000,-20000000
tt0115963,15000000,24769466,9769466
tt0117260,4800000,3014000,-1786000
tt0117500,75000000,335062621,260062621
tt0117998,92000000,494471524,402471524
tt0115571,25000000,14048372,-10951628
tt0057012,1800000,9440272,7640272
tt0117331,45000000,17300889,-27699111
tt0117765,50000000,113309743,63309743
tt0116669,45000000,58620973,13620973
tt0117951,4000000,16491080,12491080
tt0116629,75000000,816969268,741969268
tt0116277,55000000,18626419,-36373581
tt0116583,100000000,100138851,138851
tt0115798,47000000,102825796,55825796
tt0116778,27000000,25023434,-1976566
tt0116213,100000000,242295562,142295562
tt0117218,54000000,128769345,74769345
tt0116040,80000000,159212469,79212469
tt0116365,30000000,29359216,-640784
tt0116905,5000000,13269963,8269963
tt0117333,32000000,152036382,120036382
tt0117628,3500000,9482579,5982579
tt0117913,40000000,152266007,112266007
tt0116320,25000000,17193231,-7806769
tt0116707,13000000,4619014,-8380986
tt0116313,26000000,116400000,90400000
tt0117438,80000000,309492681,229492681
tt0115857,50000000,60209334,10209334
tt0117008,36000000,33459416,-2540584
tt0116191,6000000,22231658,16231658
tt0115986,13000000,17917287,4917287
tt0117826,15000000,5600000,-9400000
tt0117718,6000000,12643776,6643776
tt0116225,50000000,42277365,-7722635
tt0115632,2962051,3011195,49144
tt0117918,45000000,53854588,8854588
tt0104109,200000,300000,100000
tt0068646,6000000,245066411,239066411
tt0104558,900000,20483423,19583423
tt0116985,500000,431326,-68674
tt0115736,4500000,7011317,2511317
tt0120004,60000000,33956608,-26043392
tt0116654,40000000,49627779,9627779
tt0115783,25000000,22611954,-2388046
tt0113253,5000000,15116634,10116634
tt0045152,2540800,7200000,4659200
tt0043278,2723903,4500000,1776097
tt0054698,2500000,9500000,7000000
tt0052357,2479000,28000000,25521000
tt0047396,1000000,36764313,35764313
tt0025316,325000,4500000,4175000
tt0053125,4000000,13275000,9275000
tt0053604,3000000,25000000,22000000
tt0053291,2883848,25000000,22116152
tt0056923,4000000,13474588,9474588
tt0034583,878000,10462500,9584500
tt0033870,375000,1000000,625000
tt0058385,17000000,72070731,55070731
tt0047437,2238813,10000000,7761187
tt0046250,1500000,12000000,10500000
tt0032138,2777000,33754967,30977967
tt0031381,4000000,400176459,396176459
tt0043014,1752000,5000000,3248000
tt0033467,839727,23217674,22377947
tt0062622,10500000,68700000,58200000
tt0042192,1400000,63463,-1336537
tt0032143,1688000,2270000,582000
tt0032976,1288000,6000000,4712000
tt0038787,2000000,24464742,22464742
tt0038109,1500000,7000000,5500000
tt0048728,2500000,8750000,6250000
tt0031725,1365000,2279000,914000
tt0029843,2033000,3981000,1948000
tt0037008,1020000,2000000,980000
tt0027125,609000,3202000,2593000
tt0049261,5400000,35000000,29600000
tt0048028,1,5,4
tt0025878,226408,1423000,1196592
tt0048960,6000000,42000000,36000000
tt0038650,3180000,9644124,6464124
tt0031679,1500000,9600000,8100000
tt0063350,114000,30000000,29886000
tt0043265,1300000,10750000,9450000
tt0051459,3000000,17570324,14570324
tt0022879,4,25,21
tt0117011,25000000,51702483,26702483
tt0117039,28000000,16900000,-11100000
tt0116830,67000000,47267001,-19732999
tt0117603,9000000,41590886,32590886
tt0115994,2300000,49620,-2250380
tt0116259,38000000,17380126,-20619874
tt0115862,50000000,22540359,-27459641
tt0046672,5000000,28200000,23200000
tt0106611,14000000,154864401,140864401
tt0042332,2900000,263591415,260691415
tt0057546,3000000,22182353,19182353
tt0102798,48000000,390493908,342493908
tt0058331,6000000,102272727,96272727
tt0033563,812000,1600000,788000
tt0066817,20000000,17900000,-2100000
tt0043274,3000000,572000000,569000000
tt0082406,12000000,29800000,17800000
tt0059742,8200000,286214286,278014286
tt0095016,28000000,140767956,112767956
tt0104692,10000000,32101000,22101000
tt0117589,4500000,13417292,8917292
tt0117791,16000000,1985001,-14014999
tt0116908,65000000,89456761,24456761
tt0116409,50000000,75000000,25000000
tt0116404,2400000,5731103,3331103
tt0120107,45000000,2154540,-42845460
tt0116722,7000000,405000,-6595000
tt0117509,14500000,147298761,132798761
tt0117802,200000,4505922,4305922
tt0117665,44000000,165615285,121615285
tt0067992,3000000,4000000,1000000
tt0070707,2000000,18344729,16344729
tt0066808,2000000,11833696,9833696
tt0095159,7500000,62493712,54993712
tt0079470,4000000,20045115,16045115
tt0059243,12000000,25333333,13333333
tt0061418,2500000,50700000,48200000
tt0046912,1400000,3000000,1600000
tt0092890,6000000,213954274,207954274
tt0105236,1200000,14661007,13461007
tt0091763,6000000,138530565,132530565
tt0098627,6500000,30218387,23718387
tt0103772,49000000,352927224,303927224
tt0101761,38000000,34416893,-3583107
tt0104036,3705538,62548947,58843409
tt0104348,12500000,10725228,-1774772
tt0084707,12000000,30036000,18036000
tt0083866,10500000,792965326,782465326
tt0099371,60000000,157920733,97920733
tt0092099,15000000,356830601,341830601
tt0044081,1800000,8000000,6200000
tt0116378,12500000,1227324,-11272676
tt0117318,36000000,20300385,-15699615
tt0072081,5000000,41833347,36833347
tt0101775,6788000,13878334,7090334
tt0096754,70000000,90000098,20000098
tt0080749,1000000,21378361,20378361
tt0082340,6000000,50244700,44244700
tt0082533,1000000,17985893,16985893
tt0071853,400000,5028948,4628948
tt0115610,7000000,1100000,-5900000
tt0101700,4000000,1794187,-2205813
tt0116209,27000000,231976425,204976425
tt0097937,645180,14743391,14098211
tt0105488,3000000,33946224,30946224
tt0102370,4,29,25
tt0100332,500000,3779620,3279620
tt0073486,3000000,108981275,105981275
tt0080684,18000000,538400000,520400000
tt0093779,16000000,30857814,14857814
tt0082971,18000000,389925971,371925971
tt0090605,18500000,183316455,164816455
tt0060196,1200000,6000000,4800000
tt0050083,350000,1000000,650000
tt0056172,15000000,69995385,54995385
tt0066921,2200000,26589000,24389000
tt0056592,2000000,13129846,11129846
tt0078788,31500000,89460381,57960381
tt0064116,5000000,5321508,321508
tt0086190,32350000,572700000,540350000
tt0093191,2500000,3200000,700000
tt0099685,25000000,46836394,21836394
tt0078748,11000000,104931801,93931801
tt0089881,11500000,4069653,-7430347
tt0054215,806948,32000000,31193052
tt0080455,27000000,115229890,88229890
tt0071562,13000000,47542841,34542841
tt0093058,17000000,46357676,29357676
tt0086879,18000000,51973029,33973029
tt0081398,18000000,23000000,5000000
tt0075686,4000000,38251425,34251425
tt0086197,27000000,21500000,-5500000
tt0082096,14000000,85000000,71000000
tt0070735,5500000,159616327,154116327
tt0088247,6400000,78371200,71971200
tt0103873,3000000,242623,-2757377
tt0097441,18000000,26828365,8828365
tt0100150,14000000,5080409,-8919591
tt0097165,16400000,235860116,219460116
tt0061722,3000000,104945305,101945305
tt0052311,829000,2247465,1418465
tt0050212,3000000,27200000,24200000
tt0071315,6000000,30000000,24000000
tt0040897,3800000,4307000,507000
tt0081505,19000000,44017374,25017374
tt0092005,8000000,52287414,44287414
tt0092991,3600000,5923044,2323044
tt0057115,4000000,11744471,7744471
tt0077416,15000000,50000000,35000000
tt0107048,14600000,70906973,56306973
tt0105695,14000000,159157447,145157447
tt0056218,80000000,96105910,16105910
tt0088763,19000000,381109762,362109762
tt0101921,11000000,119418501,108418501
tt0066206,12000000,89800000,77800000
tt0094625,8000000,553171,-7446829
tt0091203,16000000,5900000,-10100000
tt0061512,3000000,16217773,13217773
tt0072431,2800000,86273333,83473333
tt0102536,3500000,2015810,-1484190
tt0032553,2000000,11000000,9000000
tt0032455,2280000,83320000,81040000
tt0044706,730000,8000000,7270000
tt0052618,15000000,146900000,131900000
tt0088258,2500000,4736202,2236202
tt0097576,48000000,474171806,426171806
tt0083987,22000000,77737889,55737889
tt0096332,17000000,10006806,-6993194
tt0091867,3000000,20966644,17966644
tt0084503,12000000,22244207,10244207
tt0087553,14400000,34700291,20300291
tt0049223,1900000,3250000,1350000
tt0064115,6000000,102308889,96308889
tt0087884,1746964,2181987,435023
tt0098635,16000000,92823546,76823546
tt0103644,50000000,159773545,109773545
tt0082010,10000000,31973249,21973249
tt0056869,2500000,11403529,8903529
tt0103874,40000000,215862692,175862692
tt0103919,6000000,25792310,19792310
tt0101540,35000000,182300000,147300000
tt0074285,1800000,33800000,32000000
tt0087800,1800000,25504513,23704513
tt0075005,2800000,60922980,58122980
tt0117731,46000000,150000000,104000000
tt0117666,1000000,24444121,23444121
tt0116705,60000000,129832389,69832389
tt0117372,40000000,48093211,8093211
tt0117477,3000000,2503829,-496171
tt0115433,54000000,320689294,266689294
tt0099423,70000000,240031094,170031094
tt0079945,35000000,139000000,104000000
tt0102975,27000000,96900000,69900000
tt0098382,30000000,70200000,40200000
tt0084726,12000000,96800000,84800000
tt0088170,18000000,87000000,69000000
tt0092007,24000000,133000000,109000000
tt0103776,80000000,280000000,200000000
tt0096487,13000000,44726644,31726644
tt0077631,6000000,181813770,175813770
tt0084021,13200000,15171476,1971476
tt0100114,12000000,46044400,34044400
tt0105690,35000000,156563139,121563139
tt0073195,7000000,470654000,463654000
tt0077766,20000000,187884007,167884007
tt0085750,20500000,87987055,67487055
tt0116996,70000000,101371017,31371017
tt0115906,3000000,153155,-2846845
tt0116695,50000000,273552592,223552592
tt0093822,6000000,29180280,23180280
tt0116999,23000000,12803305,-10196695
tt0117571,14000000,173046663,159046663
tt0104691,40000000,75505856,35505856
tt0116250,55000000,141047179,86047179
tt0120390,55000000,11466088,-43533912
tt0119664,55000000,31987563,-23012437
tt0118928,116000000,178127760,62127760
tt0119937,8000000,589304,-7410696
tt0118548,50000000,50068310,68310
tt0120434,25000000,36400360,11400360
tt0116922,15000000,3675201,-11324799
tt0120036,30000000,13130349,-16869651
tt0119008,35000000,41954997,6954997
tt0116743,3000000,4109095,1109095
tt0119951,28000000,41230799,13230799
tt0120053,68000000,118063304,50063304
tt0119528,45000000,302710615,257710615
tt0120094,20000000,60000000,40000000
tt0118972,90000000,140807547,50807547
tt0118829,32000000,3566637,-28433363
tt0120389,10000000,17979739,7979739
tt0118623,35000000,791830,-34208170
tt0118615,45000000,136885767,91885767
tt0118655,16500000,67683989,51183989
tt0118771,36000000,50159144,14159144
tt0119116,90000000,263920180,173920180
tt0119578,2000000,2900000,900000
tt0119567,73000000,229074524,156074524
tt0118880,75000000,224012234,149012234
tt0120179,160000000,164508066,4508066
tt0117724,500000,10300,-489700
tt0118688,125000000,238207122,113207122
tt0119282,85000000,252712101,167712101
tt0119738,38000000,299288605,261288605
tt0057345,900000,528428,-371572
tt0119094,80000000,245676146,165676146
tt0119654,90000000,589390539,499390539
tt0120133,28000000,8345056,-19654944
tt0118884,90000000,171120329,81120329
tt0119173,50000000,48169156,-1830844
tt0082198,20000000,79114085,59114085
tt0118887,15000000,44862187,29862187
tt0119081,60000000,26673242,-33326758
tt0120177,40000000,87840042,47840042
tt0118570,3000000,23144499,20144499
tt0119896,19000000,44332015,25332015
tt0118883,75000000,136982834,61982834
tt0120207,16000000,1686429,-14313571
tt0119675,30000000,25480490,-4519510
tt0118571,85000000,315156409,230156409
tt0118531,20000000,5716080,-14283920
tt0099810,30000000,199200000,169200000
tt0119488,35000000,126216940,91216940
tt0120102,70000000,131457682,61457682
tt0119468,27000000,60527873,33527873
tt0120524,5000000,15719109,10719109
tt0119174,50000000,109423648,59423648
tt0119123,60000000,16000000,-44000000
tt0120399,19000000,6682098,-12317902
tt0119349,18000000,8038061,-9961939
tt0118842,250000,12021272,11771272
tt0119164,3500000,257850122,254350122
tt0119345,17000000,125586134,108586134
tt0118971,57000000,152944660,95944660
tt0119906,12000000,4000000,-8000000
tt0119324,1500000,626057,-873943
tt0119177,36000000,12532777,-23467223
tt0119210,37000000,6482195,-30517805
tt0083131,10000000,85300000,75300000
tt0118689,18000000,251212670,233212670
tt0119592,50000000,10541523,-39458477
tt0119832,24000000,2642983,-21357017
tt0119978,40000000,45916769,5916769
tt0118749,15000000,43101594,28101594
tt0090329,12000000,68706993,56706993
tt0120201,105000000,121214377,16214377
tt0107282,11000000,32861136,21861136
tt0120148,6000000,58000000,52000000
tt0119707,30000000,51376861,21376861
tt0120382,60000000,264118201,204118201
tt0119395,60000000,159330280,99330280
tt0118617,53000000,139804348,86804348
tt0120483,20000000,13801755,-6198245
tt0118583,70000000,162000000,92000000
tt0118607,36000000,74000000,38000000
tt0118954,20000000,10686841,-9313159
tt0119137,80000000,177977226,97977226
tt0119142,35000000,31611225,-3388775
tt0119217,10000000,225933435,215933435
tt0119303,32000000,79082515,47082515
tt0119668,35000000,25105255,-9894745
tt0119715,38000000,122417389,84417389
tt0120082,24000000,172363301,148363301
tt0120255,5000000,3263585,-1736415
tt0120338,200000000,1845034188,1645034188
tt0120347,110000000,333011068,223011068
tt0119925,80000000,17626234,-62373766
tt0119314,60000000,186883563,126883563
tt0119396,12000000,39673162,27673162
tt0119485,28000000,5684789,-22315211
tt0118715,15000000,46189568,31189568
tt0119223,25000000,55494066,30494066
tt0120885,15000000,64256513,49256513
tt0118929,27000000,27200316,200316
tt0120696,70000000,19870567,-50129433
tt0120693,8000000,17460020,9460020
tt0120122,3000000,302204,-2697796
tt0120185,25000000,100000000,75000000
tt0118956,45000000,11203026,-33796974
tt0120008,30000000,19204929,-10795071
tt0119784,1000000,91549,-908451
tt0118747,28000000,14051384,-13948616
tt0120888,18000000,123306987,105306987
tt0120184,75000000,13100000,-61900000
tt0119822,50000000,314178011,264178011
tt0099939,1000000,2554476,1554476
tt0120873,60000000,102367405,42367405
tt0120769,27000000,76000000,49000000
tt0120890,20000000,67200000,47200000
tt0124179,1000000,2057193,1057193
tt0120772,15000000,46905889,31905889
tt0120645,24000000,4562146,-19437854
tt0120738,80000000,136159423,56159423
tt0120176,10000000,13835130,3835130
tt0120632,55000000,198685114,143685114
tt0124718,25000000,21567853,-3432147
tt0120906,5000000,1980338,-3019662
tt0118577,10000000,45779,-9954221
tt0117786,12716953,18814720,6097767
tt0120841,35000000,19165560,-15834440
tt0120609,13000000,27007143,14007143
tt0120647,75000000,140464664,65464664
tt0120531,13000000,8026971,-4973029
tt0120800,40000000,38172500,-1827500
tt0120685,130000000,379014294,249014294
tt0118798,30000000,29202884,-797116
tt0120669,18500000,10680275,-7819725
tt0120777,5000000,5879254,879254
tt0120787,60000000,128038368,68038368
tt0120828,70000000,164000000,94000000
tt0127723,10000000,25605015,15605015
tt0118849,180000,900000,720000
tt0120762,90000000,304320254,214320254
tt0120902,66000000,189198313,123198313
tt0118998,71000000,294456605,223456605
tt0120780,48000000,77745568,29745568
tt0118789,1500000,2375097,875097
tt0120591,140000000,553799566,413799566
tt0122151,140000000,285444603,145444603
tt0122718,40000000,54682547,14682547
tt0138704,60000,3221152,3161152
tt0129387,23000000,369884651,346884651
tt0019729,379000,4358000,3979000
tt0022958,700000,2594000,1894000
tt0023876,1180280,7630000,6449720
tt0026752,1950000,4460000,2510000
tt0030993,1644736,7433101,5788365
tt0033729,1250000,6000000,4750000
tt0035093,1344000,13500000,12156000
tt0037884,1250000,11000000,9750000
tt0036868,2100000,23650000,21550000
tt0039416,2000000,7800000,5800000
tt0044672,4000000,36000000,32000000
tt0045793,1650000,30500000,28850000
tt0047296,910000,9600000,8690000
tt0048356,343000,3000000,2657000
tt0055614,6000000,43656822,37656822
tt0057590,1000000,37600000,36600000
tt0060665,3900000,28350000,24450000
tt0061811,2000000,27379978,25379978
tt0063385,10000000,37402877,27402877
tt0064665,3600000,44785053,41185053
tt0067116,1800000,41158757,39358757
tt0075148,1000000,117235147,116235147
tt0079417,8000000,106260000,98260000
tt0082158,5500000,58972904,53472904
tt0089755,31000000,128499205,97499205
tt0093389,23000000,43984230,20984230
tt0095953,25000000,412800000,387800000
tt0097239,7500000,145793296,138293296
tt0087995,1500000,2300000,800000
tt0091369,25000000,12729917,-12270083
tt0088847,1000000,51525171,50525171
tt0089686,3000000,29999213,26999213
tt0093629,5000000,44793222,39793222
tt0095742,7000000,72500000,65500000
tt0097981,8000000,22168359,14168359
tt0101917,11000000,34872033,23872033
tt0080761,550000,59754601,59204601
tt0082418,1250000,21722776,20472776
tt0083972,4000000,36690067,32690067
tt0087298,2600000,32980880,30380880
tt0089173,2200000,21930418,19730418
tt0091080,3000000,19472057,16472057
tt0095179,2800000,19170001,16370001
tt0097388,5000000,14000000,9000000
tt0077651,300000,70000000,69700000
tt0082495,2500000,25533818,23033818
tt0085636,2500000,14400000,11900000
tt0095271,5000000,17768757,12768757
tt0097474,5000000,11642254,6642254
tt0081383,1000000,14796236,13796236
tt0094862,9000000,44196684,35196684
tt0099253,13000000,35763605,22763605
tt0103956,13000000,20560255,7560255
tt0084516,10700000,122200000,111500000
tt0091778,19000000,40996665,21996665
tt0095889,10500000,14144000,3644000
tt0070047,8000000,441306145,433306145
tt0076009,14000000,30749142,16749142
tt0093409,15000000,120207127,105207127
tt0097733,25000000,227853986,202853986
tt0104714,35000000,321731527,286731527
tt0087363,11000000,153083102,142083102
tt0099700,50000000,41482207,-8517793
tt0089218,19000000,61503218,42503218
tt0120746,95000000,250288523,155288523
tt0017136,92620000,650422,-91969578
tt0096874,40000000,332000000,292000000
tt0099088,40000000,244527583,204527583
tt0069113,5000000,84563118,79563118
tt0034492,858000,267447150,266589150
tt0047478,2000000,271841,-1728159
tt0094947,14000000,34670720,20670720
tt0087182,40000000,30925690,-9074310
tt0095497,7000000,8373585,1373585
tt0099674,54000000,136766062,82766062
tt0102757,1227401,1277401,50000
tt0119558,62000000,1060056,-60939944
tt0134619,15000000,17507368,2507368
tt0120741,10000000,19000000,9000000
tt0120815,70000000,481840909,411840909
tt0088814,25000000,21288692,-3711308
tt0078869,20000000,35841901,15841901
tt0097053,5000000,8153677,3153677
tt0091149,14000000,38625550,24625550
tt0107120,28000000,39514713,11514713
tt0104437,40000000,58662452,18662452
tt0097523,32000000,222724172,190724172
tt0120768,50000000,44547681,-5452319
tt0098213,160000,6706368,6546368
tt0089853,15000000,10631333,-4368667
tt0059113,11000000,111858363,100858363
tt0096734,18000000,36602000,18602000
tt0090756,6000000,8551228,2551228
tt0061852,4000000,205843612,201843612
tt0097757,40000000,222300000,182300000
tt0104868,10000000,50752337,40752337
tt0055254,4000000,215880014,211880014
tt0046183,4000000,87404651,83404651
tt0100477,37931000,47431461,9500461
tt0076618,1200000,71215869,70015869
tt0089908,25000000,11137801,-13862199
tt0102803,42000000,62000000,20000000
tt0053285,6000000,51000000,45000000
tt0086336,19000000,5656087,-13343913
tt0088161,8000000,69821334,61821334
tt0084827,17000000,33000000,16000000
tt0120694,17000000,55041738,38041738
tt0099697,10500000,11582891,1082891
tt0086066,10000000,33697647,23697647
tt0087469,28000000,333000000,305000000
tt0077869,4000000,30471420,26471420
tt0085407,10000000,20766616,10766616
tt0091499,10000000,7433663,-2566337
tt0085382,5000000,21200000,16200000
tt0087050,800000,14000000,13200000
tt0096787,13800000,27100027,13300027
tt0101272,30000000,191502426,161502426
tt0120631,26000000,65705772,39705772
tt0120832,73000000,103891409,30891409
tt0128214,300000,40542,-259458
tt0080388,7200000,12729678,5529678
tt0061184,7500000,33736689,26236689
tt0061584,18000000,9000000,-9000000
tt0078480,1000000,3713768,2713768
tt0084649,7000000,14665733,7665733
tt0083791,15000000,40577001,25577001
tt0090633,9000000,84542002,75542002
tt0089469,25000000,15502112,-9497888
tt0088128,6500000,23686027,17186027
tt0080801,5000000,60000000,55000000
tt0118661,60000000,48585416,-11414584
tt0120703,20000000,37672350,17672350
tt0063522,3200000,33395426,30195426
tt0088323,27000000,20158808,-6841192
tt0100240,32000000,16283667,-15716333
tt0119517,5000000,4710749,-289251
tt0120611,45000000,131183530,86183530
tt0094721,15000000,73326666,58326666
tt0040746,1500000,2200000,700000
tt0074512,2000000,7900000,5900000
tt0068611,3500000,12600000,9100000
tt0065112,4000000,6000000,2000000
tt0061107,3000000,13000000,10000000
tt0058329,2135161,7000000,4864839
tt0051207,1200000,2000000,800000
tt0049470,2500000,10250000,7750000
tt0048750,1200000,7000000,5800000
tt0044079,1200000,7000000,5800000
tt0120577,13000000,16757163,3757163
tt0119346,250,203,-47
tt0096446,35000000,57269863,22269863
tt0094226,25000000,76270454,51270454
tt0034248,1103000,4500000,3397000
tt0128442,12000000,22921898,10921898
tt0123755,250000,501818,251818
tt0124879,20000000,18253415,-1746585
tt0119934,25000000,777423,-24222577
tt0092699,20000000,51249404,31249404
tt0096463,28000000,103173635,75173635
tt0095593,10000000,21486757,11486757
tt0084472,800000,7000000,6200000
tt0102558,40000000,8479793,-31520207
tt0104257,40000000,243240178,203240178
tt0107211,38000000,266614059,228614059
tt0120812,33000000,244386864,211386864
tt0118736,2000000,124494,-1875506
tt0122690,55000000,41610884,-13389116
tt0146336,14000000,72527595,58527595
tt0100594,25000000,2075084,-22924916
tt0084787,15000000,19629760,4629760
tt0105151,8000000,21706101,13706101
tt0081554,10000000,10389003,389003
tt0099487,20000000,53000000,33000000
tt0120587,60000000,171757863,111757863
tt0120770,17000000,30331165,13331165
tt0120889,85000000,71485043,-13514957
tt0124102,1100000,631221,-468779
tt0082517,11000000,31672907,20672907
tt0104952,11000000,64088552,53088552
tt0086837,28000000,40400657,12400657
tt0080678,5000000,26010864,21010864
tt0144120,25000000,50671850,25671850
tt0120791,75000000,46683377,-28316623
tt0147612,3000000,2807390,-192610
tt0120157,75000000,14567883,-60432117
tt0118799,20000000,229400000,209400000
tt0100740,3500000,16324573,12824573
tt0120586,20000000,23875127,3875127
tt0120722,12000000,12902790,902790
tt0120684,10000000,6451628,-3548372
tt0133952,70000000,116672912,46672912
tt0120484,23000000,185991646,162991646
tt0127536,30000000,82150642,52150642
tt0130018,65000000,40002112,-24997888
tt0119643,90000000,142940100,52940100
tt0089941,9000000,7936012,-1063988
tt0091954,4000000,2826523,-1173477
tt0120660,90000000,250649836,160649836
tt0134067,30000000,100491683,70491683
tt0120623,120000000,363258859,243258859
tt0140888,2900000,5596708,2696708
tt0069089,12000,6000000,5988000
tt0087344,2000000,4100000,2100000
tt0024216,672000,10000000,9328000
tt0074751,23000000,90614445,67614445
tt0091344,10000000,4711220,-5288780
tt0089017,5000000,27400000,22400000
tt0089155,8000000,59612888,51612888
tt0097366,8045760,35150960,27105200
tt0089893,17900000,6948633,-10951367
tt0091541,10000000,54999651,44999651
tt0090264,30000000,152427960,122427960
tt0087928,4500000,146198896,141698896
tt0120595,90000000,69131860,-20868140
tt0119304,15000000,10443316,-4556684
tt0165494,3500000,9247881,5747881
tt0124198,30000000,9898412,-20101588
tt0155975,60000000,37141130,-22858870
tt0120844,70000000,118000000,48000000
tt0120794,70000000,218613188,148613188
tt0128445,9000000,17096053,8096053
tt0138097,25000000,289317794,264317794
tt0089961,50000000,23717291,-26282709
tt0089880,44000000,300400432,256400432
tt0083944,15000000,125212904,110212904
tt0095956,63000000,189015611,126015611
tt0089370,25000000,96773200,71773200
tt0088011,10000000,86572238,76572238
tt0094890,17500000,25024919,7524919
tt0079817,7000000,200182160,193182160
tt0084602,17000000,270000000,253000000
tt0089927,31000000,300473716,269473716
tt0100507,42000000,119946358,77946358
tt0088930,15000000,14643997,-356003
tt0087538,8000000,90815558,82815558
tt0091326,113,115103979,115103866
tt0097958,27000000,71320000,44320000
tt0128853,65000000,250821495,185821495
tt0120863,52000000,98126565,46126565
tt0133751,15000000,40283321,25283321
tt0129290,50000000,202292902,152292902
tt0120633,70000000,56702901,-13297099
tt0120857,12000000,21001563,9001563
tt0118564,6000000,6330054,330054
tt0145734,20000000,3970078,-16029922
tt0120458,75000000,14010690,-60989310
tt0091225,37000000,37962774,962774
tt0051622,700000,3000000,2300000
tt0091064,15000000,60629159,45629159
tt0090660,12000000,15945534,3945534
tt0072271,85000,30859000,30774000
tt0092076,4700000,8025872,3325872
tt0110978,600000,185898,-414102
tt0091605,20000000,77200000,57200000
tt0091738,18000000,41382841,23382841
tt0090555,5000000,328203506,323203506
tt0090863,13800000,52293982,38493982
tt0091187,15000000,42724017,27724017
tt0160862,10000000,103166989,93166989
tt0163984,7300,13674,6374
tt0054167,150000,83957,-66043
tt0120784,90000000,161626121,71626121
tt0145893,6000000,4398989,-1601011
tt0124298,35000000,40263020,5263020
tt0139462,80000000,118880016,38880016
tt0120764,65000000,36850101,-28149899
tt0155776,3000000,3076820,76820
tt0151804,10000000,12827813,2827813
tt0137338,6000000,6852450,852450
tt0134273,40000000,96618699,56618699
tt0098084,11500000,57469467,45969467
tt0105128,8000000,17092453,9092453
tt0106557,900000,6980986,6080986
tt0065377,10000000,100489151,90489151
tt0071110,3000000,47000000,44000000
tt0075648,6000000,30000000,24000000
tt0072308,14000000,116000000,102000000
tt0074812,9000000,25000000,16000000
tt0063442,5800000,33395426,27595426
tt0065462,3000000,18999718,15999718
tt0069768,1700000,8844595,7144595
tt0068408,1700000,9700000,8000000
tt0067065,2500000,12348905,9848905
tt0071455,7000000,79666653,72666653
tt0078740,14000000,13015688,-984312
tt0122933,80000000,176885658,96885658
tt0142192,25000000,15156200,-9843800
tt0139134,10500000,75902208,65402208
tt0120735,1350000,3897569,2547569
tt0120646,38000000,28121100,-9878900
tt0144814,21000000,17762705,-3237295
tt0094964,13000000,8038508,-4961492
tt0118665,12000000,36450736,24450736
tt0141098,75000000,93888180,18888180
tt0160429,25000000,12000000,-13000000
tt0049408,4550000,21300000,16750000
tt0120757,50000000,13260050,-36739950
tt0133093,63000000,463517383,400517383
tt0147800,16000000,53478166,37478166
tt0129280,75000000,29000000,-46000000
tt0154506,6000,48482,42482
tt0139239,6500000,28451622,21951622
tt0151738,25000000,84565230,59565230
tt0105399,10000000,8359717,-1640283
tt0126250,10000000,10920544,920544
tt0123964,80000000,73345029,-6654971
tt0125659,2900000,368234,-2531766
tt0120836,1,100,99
tt0120907,15000000,2856712,-12143288
tt0137494,66000000,212404396,146404396
tt0138510,25000000,4152230,-20847770
tt0037913,1453000,5638000,4185000
tt0087799,3000000,14418922,11418922
tt0099422,47000000,103738726,56738726
tt0120616,80000000,415885488,335885488
tt0118826,786675,861789,75114
tt0138414,1500000,870751,-629249
tt0120915,115000000,924317558,809317558
tt0078346,55000000,300218018,245218018
tt0081573,54000000,190458706,136458706
tt0086393,39000000,75850624,36850624
tt0094074,17000000,19300000,2300000
tt0021814,355000,1012189,657189
tt0021884,291000,12000000,11709000
tt0073629,1200000,112892319,111692319
tt0084156,5000000,2091037,-2908963
tt0046534,2000000,2000000,0
tt0125439,42000000,363889678,321889678
tt0139809,16000000,18564088,2564088
tt0164085,8000000,1997807,-6002193
tt0145660,33000000,310940086,277940086
tt0120802,18000000,9495408,-8504592
tt0120855,150000000,448000000,298000000
tt0144214,60000000,149705852,89705852
tt0122541,14000000,18535191,4535191
tt0130827,1530000,7267585,5737585
tt0142342,34200000,234801895,200601895
tt0119038,12500000,78599508,66099508
tt0099052,31000000,53208180,22208180
tt0120891,170000000,222104681,52104681
tt0163651,11000000,235483004,224483004
tt0158811,24000000,16290976,-7709024
tt0185937,60000,248000000,247940000
tt0120663,65000000,162091208,97091208
tt0139414,27000000,56870414,29870414
tt0161100,6000000,25059640,19059640
tt0087332,30000000,295212467,265212467
tt0097428,37000000,215394738,178394738
tt0157503,10000000,10571408,571408
tt0171363,80000000,91188905,11188905
tt0162710,450000,2049595,1599595
tt0149261,60000000,73648228,13648228
tt0132347,68000000,29762011,-38237989
tt0163187,70000000,309457509,239457509
tt0054331,12000000,60000000,48000000
tt0056193,2000000,9250000,7250000
tt0072684,11000000,20000000,9000000
tt0096378,1884000,1883811,-189
tt0091129,25000000,79817939,54817939
tt0088939,15000000,146292009,131292009
tt0091613,2000000,1301121,-698879
tt0091530,24500000,17218023,-7281977
tt0091419,25000000,38748395,13748395
tt0144168,13000000,27500000,14500000
tt0129167,70000000,23159305,-46840695
tt0167404,40000000,672806292,632806292
tt0155267,48000000,124305181,76305181
tt0120620,25000000,13000000,-12000000
tt0165710,6500000,4217115,-2282885
tt0113965,6400000,6,-6399994
tt0057449,350000,1499275,1149275
tt0055304,200000,2000000,1800000
tt0077394,6800000,26518355,19718355
tt0080339,3500000,83453539,79953539
tt0118604,22000000,26570463,4570463
tt0085995,15000000,61399552,46399552
tt0094737,18000000,151668774,133668774
tt0107798,45000000,195268056,150268056
tt0133046,13000000,8946237,-4053763
tt0176269,45000000,10667893,-34332107
tt0160401,7000000,14011454,7011454
tt0120657,160000000,61698899,-98301101
tt0138304,75000000,19598588,-55401412
tt0163579,70000000,11263966,-58736034
tt0125971,7000000,7292175,292175
tt0145531,29000000,50041732,21041732
tt0164181,12000000,21133087,9133087
tt0088146,6000000,21821347,15821347
tt0169547,15000000,356296601,341296601
tt0088178,1200000,4978922,3778922
tt0181316,65000000,117758500,52758500
tt0080491,17500000,23438120,5938120
tt0058182,560000,12299668,11739668
tt0077280,1200000,14363400,13163400
tt0089175,9000000,24922237,15922237
tt0068473,2000000,46122355,44122355
tt0082348,11000000,34967437,23967437
tt0111419,28000000,11373501,-16626499
tt0073812,5000000,34251525,29251525
tt0150377,70000000,177841558,107841558
tt0160338,2600000,614202,-1985798
tt0164114,8000000,22593409,14593409
tt0134618,28000000,8888143,-19111857
tt0120188,75000000,108000000,33000000
tt0162360,1700000,1943649,243649
tt0106664,15000000,10611160,-4388840
tt0095652,7000000,5344577,-1655423
tt0079714,300000,11988469,11688469
tt0086154,5000000,34725000,29725000
tt0156934,64000000,74608570,10608570
tt0171804,2000000,11540607,9540607
tt0165854,10000000,3193102,-6806898
tt0086200,6200000,63541777,57341777
tt0100802,65000000,261317921,196317921
tt0091042,6000000,70136369,64136369
tt0086617,6000000,1317657,-4682343
tt0068699,5500000,15700000,10200000
tt0061747,1800000,6800000,5000000
tt0082979,32000000,40382659,8382659
tt0046126,1250000,8500000,7250000
tt0052225,6000000,36800000,30800000
tt0085549,4000000,92921203,88921203
tt0061578,5400000,45300000,39900000
tt0058150,2500000,124881062,122381062
tt0057076,2000000,78898765,76898765
tt0055928,950000,59600000,58650000
tt0080453,4500000,58853106,54353106
tt0058461,200000,14500000,14300000
tt0119256,3000000,222559,-2777441
tt0104431,18000000,358991681,340991681
tt0094008,17000000,10278549,-6721451
tt0017423,463455,966878,503423
tt0133117,700000,10508,-689492
tt0137523,63000000,100853753,37853753
tt0160916,50000000,58900031,8900031
tt0081633,5000000,42365581,37365581
tt0097123,19000000,18254702,-745298
tt0168501,9000000,34573780,25573780
tt0093870,13000000,53000000,40000000
tt0100502,35000000,45681173,10681173
tt0096438,70000000,329803958,259803958
tt0082398,28000000,195312802,167312802
tt0097742,32000000,156167015,124167015
tt0070328,7000000,161777836,154777836
tt0059800,5500000,141195658,135695658
tt0185371,19000000,40846082,21846082
tt0166943,27000000,14859394,-12140606
tt0120601,13000000,22863596,9863596
tt0144178,2000000,7,-1999993
tt0119698,26500000,159375308,132875308
tt0120596,51000000,36911617,-14088383
tt0145681,73000000,151493655,78493655
tt0140352,90000000,60289912,-29710088
tt0083767,8000000,21028755,13028755
tt0092796,3500000,14000000,10500000
tt0089885,900000,2023414,1123414
tt0097240,2500000,4729352,2229352
tt0106856,25000000,40903593,15903593
tt0018183,483103,1027757,544654
tt0082817,5000000,19905359,14905359
tt0094012,22700000,38119483,15419483
tt0070608,15000000,32056467,17056467
tt0082484,12000000,55260558,43260558
tt0065988,15000000,31559552,16559552
tt0086465,40600000,90400000,49800000
tt0083254,20000000,2297493,-17702507
tt0149691,23000000,18653615,-4346385
tt0120655,10000000,30652890,20652890
tt0151137,60000000,66976317,6976317
tt0190641,30000000,163644662,133644662
tt0056197,10000000,50100000,40100000
tt0066473,25485000,29548291,4063291
tt0095675,700000,7179298,6479298
tt0084855,16000000,53977250,37977250
tt0162661,100000000,206071502,106071502
tt0143145,135000000,361832400,226832400
tt0185125,8272296,67872296,59600000
tt0040522,133000,361712,228712
tt0093509,4000000,1680358,-2319642
tt0087781,28000000,47951979,19951979
tt0093010,14000000,320145693,306145693
tt0100680,23000000,5820015,-17179985
tt0095631,30000000,38413606,8413606
tt0101393,75000000,152368585,77368585
tt0101889,24000000,41895491,17895491
tt0088007,18000000,11500000,-6500000
tt0146675,100000000,211989043,111989043
tt0120363,90000000,497366869,407366869
tt0134154,38000000,635096,-37364904
tt0161023,312000,1281176,969176
tt0172396,23000000,10827816,-12172184
tt0099165,47000000,15691192,-31308808
tt0100828,19000000,10000000,-9000000
tt0205000,17000000,65535067,48535067
tt0120689,60000000,284600000,224600000
tt0124315,24000000,88545092,64545092
tt0067328,1300000,29133000,27833000
tt0182789,100000000,93700000,-6300000
tt0164912,133000000,300135367,167135367
tt0120910,80000000,90874570,10874570
tt0175880,37000000,48451803,11451803
tt0119079,14000000,206128,-13793872
tt0174204,10000000,929606,-9070394
tt0146838,55000000,100230832,45230832
tt0125664,82000000,47434430,-34565570
tt0177789,45000000,90683916,45683916
tt0134119,40000000,128798265,88798265
tt0195945,11000000,59827328,48827328
tt0174856,50000000,73956241,23956241
tt0145653,25,13,-12
tt0196857,24000000,8434146,-15565854
tt0134983,90000000,14828081,-75171919
tt0169302,24554,140021,115467
tt0070511,12000000,53267000,41267000
tt0097162,10000000,7825000,-2175000
tt0083929,4500000,27092880,22592880
tt0094924,15000000,6908797,-8091203
tt0106364,6000000,5617391,-382609
tt0102687,250000,609524,359524
tt0141399,36000000,3003296,-32996704
tt0104797,34000000,48169908,14169908
tt0105417,31000000,231605150,200605150
tt0108147,38000000,57319029,19319029
tt0104389,11700000,88036683,76336683
tt0106246,32000000,36733909,4733909
tt0105323,31000000,134095253,103095253
tt0105793,20000000,121697323,101697323
tt0104694,40000000,107458785,67458785
tt0105112,45000000,178051587,133051587
tt0103855,25000000,411006740,386006740
tt0104070,55000000,149022650,94022650
tt0104231,60000000,137783840,77783840
tt0105665,10000000,4160851,-5839149
tt0103893,7000000,16624456,9624456
tt0104815,220000,2040920,1820920
tt0103759,1000000,2019469,1019469
tt0134084,40000000,161834276,121834276
tt0105414,16000000,48017402,32017402
tt0144117,6000000,30471,-5969529
tt0171356,10000000,1631839,-8368161
tt0163978,40000000,144056873,104056873
tt0220099,30000000,45554533,15554533
tt0217107,200000,1160268,960268
tt0181984,26000000,28780255,2780255
tt0162983,40000000,36037909,-3962091
tt0134847,23000000,53187659,30187659
tt0190138,41300000,106371651,65071651
tt0021749,1500000,19181,-1480819
tt0012349,250000,2500000,2250000
tt0184858,42000000,32168970,-9831030
tt0199290,6000000,9000000,3000000
tt0186045,16000000,15427192,-572808
tt0156841,25000000,24362772,-637228
tt0218043,2053648,500000,-1553648
tt0086969,12000000,1400000,-10600000
tt0056875,24500,4000000,3975500
tt0183523,90000000,60874615,-29125385
tt0142688,38000000,58401898,20401898
tt0078902,2300000,20000000,17700000
tt0091217,9000000,28607524,19607524
tt0094812,7000000,50888000,43888000
tt0072890,1800000,46665856,44865856
tt0069704,777000,140000000,139223000
tt0102138,40000000,205405498,165405498
tt0092666,18000000,39321715,21321715
tt0093596,12000000,5669831,-6330169
tt0046435,1805000,4905000,3100000
tt0195685,52000000,256271286,204271286
tt0195714,23000000,53302314,30302314
tt0103074,16000000,45361000,29361000
tt0077975,2700000,141000000,138300000
tt0097216,6500000,37295445,30795445
tt0100168,10000000,16153593,6153593
tt0102175,14000000,32482682,18482682
tt0071402,3000000,22000000,19000000
tt0082250,2000000,45000000,43000000
tt0089003,9000000,16945171,7945171
tt0109578,5000000,1702394,-3297606
tt0036775,927262,2500000,1572738
tt0101615,6000000,1193062,-4806938
tt0100758,13500000,202000000,188500000
tt0103060,25000000,78000000,53000000
tt0108308,21000000,42000000,21000000
tt0087985,4200000,38376497,34176497
tt0090693,8700000,4865912,-3834088
tt0092675,1500000,11806119,10306119
tt0077530,7000000,20000000,13000000
tt0093105,13000000,123922370,110922370
tt0061735,4000000,56666667,52666667
tt0165929,25000000,91036760,66036760
tt0202402,15000000,9902115,-5097885
tt0127349,8500000,327418,-8172582
tt0027977,1,8500000,8499999
tt0057163,2500000,10000000,7500000
tt0054997,2000000,7600000,5600000
tt0075860,20000000,303788635,283788635
tt0099871,25000000,25965144,965144
tt0093378,6500000,54215416,47715416
tt0089457,20000000,18432000,-1568000
tt0091445,6000000,8200000,2200000
tt0146882,30000000,47126295,17126295
tt0138749,95000000,76432727,-18567273
tt0192614,15000000,35007180,20007180
tt0061619,4653000,6000000,1347000
tt0102057,70000000,300854823,230854823
tt0077928,2300000,35000000,32700000
tt0100157,20000000,61276872,41276872
tt0104928,43000000,13300000,-29700000
tt0089643,13000000,30867525,17867525
tt0074958,3800000,23689877,19889877
tt0093640,15000000,35509515,20509515
tt0075029,3700000,31800000,28100000
tt0165643,10000000,5241315,-4758685
tt0186151,31000000,68106245,37106245
tt0217756,24000000,12372410,-11627590
tt0122459,24000000,36609995,12609995
tt0160797,60000000,71000000,11000000
tt0077572,5000000,7230000,2230000
tt0082031,7000000,95461682,88461682
tt0086927,6000000,38435947,32435947
tt0093773,18000000,98235548,80235548
tt0102713,30000000,74787599,44787599
tt0144084,7000000,34266564,27266564
tt0171433,30000000,37036004,7036004
tt0166175,3800000,28200000,24400000
tt0074860,6500000,21709020,15209020
tt0080487,6000000,39846344,33846344
tt0176783,14000000,5108820,-8891180
tt0199725,20000000,27728118,7728118
tt0141926,62000000,127666415,65666415
tt0159097,6000000,10409377,4409377
tt0104549,20000000,11390479,-8609521
tt0158622,83000000,59468275,-23531725
tt0198021,15000000,33771174,18771174
tt0189584,7000000,3728888,-3271112
tt0154421,2500000,7235,-2492765
tt0106521,1000000,1753979,753979
tt0172495,103000000,457640427,354640427
tt0188674,600000,4000000,3400000
tt0071772,160000,4000000,3840000
tt0185183,44000000,21400000,-22600000
tt0210616,18000000,17200925,-799075
tt0171359,2000000,1568749,-431251
tt0089791,6000000,40940662,34940662
tt0130623,127500000,354248063,226748063
tt0215129,16000000,119754278,103754278
tt0080881,2500000,10000000,7500000
tt0119746,2000000,458815,-1541185
tt0120755,125000000,546388105,421388105
tt0184894,55000000,56932305,1932305
tt0015864,923000,2500000,1577000
tt0064757,6500000,81974493,75474493
tt0076752,14000000,185438673,171438673
tt0079574,34000000,210308099,176308099
tt0071807,7000000,97572000,90572000
tt0208003,30000000,173959438,143959438
tt0080365,4800000,22743674,17943674
tt0054953,6000000,28900000,22900000
tt0105466,25000000,10736401,-14263599
tt0071230,2600000,119500000,116900000
tt0074486,10000,7000000,6990000
tt0059578,600000,15000000,14400000
tt0099582,26000000,61489265,35489265
tt0084522,4000000,125728258,121728258
tt0086129,6500000,33759266,27259266
tt0089826,9000000,20518905,11518905
tt0100403,35000000,57120318,22120318
tt0093894,27000000,38122105,11122105
tt0088172,22000000,28744356,6744356
tt0094631,16000000,32155047,16155047
tt0079501,400000,100000000,99600000
tt0082694,2000000,24600832,22600832
tt0089530,12305523,36230219,23924696
tt0092563,17000000,17185632,185632
tt0091635,17000000,6735922,-10264078
tt0087262,15000000,17080167,2080167
tt0094612,7000000,20256975,13256975
tt0187078,90000000,237202299,147202299
tt0182295,13000000,299792,-12700208
tt0067741,4000000,12121618,8121618
tt0071360,1600000,4420000,2820000
tt0077588,5500000,24000000,18500000
tt0070666,3000000,29800000,26800000
tt0043338,1821052,1300000,-521052
tt0072226,3000000,12800000,9800000
tt0090728,25000000,11000000,-14000000
tt0204175,16000000,20627372,4627372
tt0162650,46000000,107196498,61196498
tt0120913,75000000,36754634,-38245366
tt0188030,3000000,6000000,3000000
tt0120630,45000000,224834564,179834564
tt0183505,51000000,149270999,98270999
tt0187393,110000000,215294342,105294342
tt0131704,76000000,35134820,-40865180
tt0177971,120000000,325756637,205756637
tt0087727,1500000,22812411,21312411
tt0089604,2410000,10755447,8345447
tt0099800,2500000,26386000,23886000
tt0070679,2142000,1458000,-684000
tt0069257,1978000,10000000,8022000
tt0219854,65000000,69700000,4700000
tt0175142,19000000,278019771,259019771
tt0179116,1200000,2600000,1400000
tt0087277,8200000,80035402,71835402
tt0038499,6000000,20400000,14400000
tt0120903,75000000,296339527,221339527
tt0163676,15000000,5217498,-9782502
tt0161081,100000000,155464351,55464351
tt0210234,30000000,133949270,103949270
tt0076716,3500000,16000000,12500000
tt0103241,35000000,63710000,28710000
tt0068555,2000000,18016290,16016290
tt0073312,3000000,20173742,17173742
tt0144528,84000000,123307945,39307945
tt0200550,45000000,113916474,68916474
tt0164052,95000000,190213455,95213455
tt0186566,65000000,128884132,63884132
tt0195234,10000000,26330482,16330482
tt0106627,6000000,13609396,7609396
tt0065938,4000000,5200000,1200000
tt0095863,3000000,7282851,4282851
tt0095925,3500000,4385516,885516
tt0111187,30000000,3180674,-26819326
tt0209958,33000000,104155843,71155843
tt0188640,1000000,10037390,9037390
tt0095705,12000000,78756177,66756177
tt0102510,23000000,86930411,63930411
tt0046303,3100000,20000000,16900000
tt0088206,35000000,14296438,-20703562
tt0160009,40000000,30199105,-9800895
tt0204946,28000000,90449929,62449929
tt0144964,25000000,15843608,-9156392
tt0202677,8500000,19125401,10625401
tt0181875,60000000,47383689,-12616311
tt0164212,25000000,260562,-24739438
tt0192731,14000000,38574362,24574362
tt0168629,12800000,40031879,27231879
tt0222850,1000000,1744858,744858
tt0210945,30000000,136706683,106706683
tt0093177,1000000,14564027,13564027
tt0095294,3000000,12090735,9090735
tt0104409,5000000,12534961,7534961
tt0055608,1580000,7000000,5420000
tt0060397,5115000,12000000,6885000
tt0208988,63600000,19412993,-44187007
tt0212338,55000000,330444045,275444045
tt0180093,4500000,7390108,2890108
tt0213790,24000000,13700000,-10300000
tt0089200,1000000,35000000,34000000
tt0249462,5000000,110000000,105000000
tt0230030,48000000,90383208,42383208
tt0223897,40000000,55707411,15707411
tt0192255,22000000,13555988,-8444012
tt0160127,92000000,264105545,172105545
tt0146984,80000000,39459427,-40540573
tt0203019,32000000,48814909,16814909
tt0199753,80000000,33463969,-46536031
tt0066995,7200000,116019547,108819547
tt0216216,82000000,96085477,14085477
tt0186894,35000000,36779296,1779296
tt0170016,123000000,345141403,222141403
tt0213203,30,103,73
tt0211181,85000000,183611771,98611771
tt0180073,13500000,7060876,-6439124
tt0217869,75000000,248118121,173118121
tt0190332,17000000,213525736,196525736
tt0190374,35000000,15185241,-19814759
tt0190865,75000000,215663859,140663859
tt0086993,25000000,8613462,-16386538
tt0093428,40000000,191185897,151185897
tt0092106,6000000,5849647,-150353
tt0094291,15000000,43848069,28848069
tt0096969,14000000,161001698,147001698
tt0096219,4000000,3468572,-531428
tt0088850,20000000,45833132,25833132
tt0208092,10000000,83557872,73557872
tt0095927,15000000,21032267,6032267
tt0241303,25000000,152500343,127500343
tt0242423,13000000,73180723,60180723
tt0120917,100000000,169327687,69327687
tt0183659,6,8,2
tt0207201,70000000,374111707,304111707
tt0181536,43000000,80049764,37049764
tt0219699,10000000,12008642,2008642
tt0162222,90000000,429632142,339632142
tt0200720,10000000,5164404,-4835596
tt0212346,45000000,212000000,167000000
tt0190590,26000000,71868327,45868327
tt0219653,28000000,33000337,5000337
tt0146309,80000000,34566746,-45433254
tt0181865,48000000,207515725,159515725
tt0189998,8000000,8279017,279017
tt0083564,50000000,57059003,7059003
tt0101757,10000000,25196249,15196249
tt0053580,12000000,7900000,-4100000
tt0090670,6500000,2347000,-4153000
tt0218817,30000000,18195610,-11804390
tt0206275,13000000,91038276,78038276
tt0194218,1000000,779137,-220863
tt0237572,35000000,29400000,-5600000
tt0186589,11000000,13276953,2276953
tt0209475,35000000,94728529,59728529
tt0092618,3000000,3221568,221568
tt0092644,20000000,299965036,279965036
tt0086960,15000000,316360478,301360478
tt0092718,1800000,31623833,29823833
tt0092746,10000000,14000,-9986000
tt0092965,35000000,22238696,-12761304
tt0092974,3000000,23509382,20509382
tt0083907,350000,29400000,29050000
tt0093278,55000000,14375181,-40624819
tt0093300,23000000,51881013,28881013
tt0093407,1,12396383,12396382
tt0093437,8500000,32222567,23722567
tt0093493,6000000,42721196,36721196
tt0093507,22000000,17336370,-4663630
tt0093560,12000000,3769990,-8230010
tt0192111,14000000,10424470,-3575530
tt0212985,87000000,351692268,264692268
tt0239948,22000000,19351569,-2648431
tt0265632,10000000,44460850,34460850
tt0230838,40000000,65754228,25754228
tt0166276,75000000,5409517,-69590483
tt0233142,62000000,18720175,-43279825
tt0236493,57000000,147845033,90845033
tt0244504,1900000,2070806,170806
tt0179626,60000000,56359980,-3640020
tt0059245,20000000,15473333,-4526667
tt0053793,3000000,10400000,7400000
tt0080421,2000000,11000000,9000000
tt0099385,4000000,16853487,12853487
tt0101764,15000000,30102717,15102717
tt0102005,23000000,7434726,-15565274
tt0085868,7000000,1246141,-5753859
tt0100140,31000000,35419397,4419397
tt0091474,15000000,8620929,-6379071
tt0077413,7920000,14560084,6640084
tt0071771,2900000,43008075,40108075
tt0087015,1250000,3412497,2162497
tt0215750,68000000,96976270,28976270
tt0242445,50000000,79958599,29958599
tt0209144,9000000,39723096,30723096
tt0227538,35000000,147934180,112934180
tt0246989,11000000,23430766,12430766
tt0236784,21000000,28008462,7008462
tt0245712,2000000,20908467,18908467
tt0164334,60000000,105178561,45178561
tt0221027,53000000,83282296,30282296
tt0235679,16000000,68411275,52411275
tt0268200,1000000,852206,-147794
tt0243155,25000000,281929795,256929795
tt0245686,17700000,30987695,13287695
tt0231402,21150000,39438674,18288674
tt0086250,25000000,65884703,40884703
tt0132245,94000000,54744738,-39255262
tt0141907,90000000,10372291,-79627709
tt0209163,98000000,433013274,335013274
tt0056937,31115000,71000000,39885000
tt0085811,27000000,16519460,-10480540
tt0084917,17000000,29712172,12712172
tt0107130,12000000,1703282,-10296718
tt0101902,40000000,23202444,-16797556
tt0066011,2200000,136400000,134200000
tt0183790,65000000,117487473,52487473
tt0225071,53000000,29700000,-23300000
tt0126029,60000000,484409218,424409218
tt0203009,52500000,179213434,126713434
tt0213149,140000000,449220945,309220945
tt0100395,22000000,39071603,17071603
tt0101587,27000000,179033791,152033791
tt0095647,15000000,34604000,19604000
tt0054047,2000000,4905000,2905000
tt0094142,14000000,57915972,43915972
tt0060934,12000000,20000000,8000000
tt0255798,22000000,84772742,62772742
tt0251075,80000000,98376292,18376292
tt0244244,102000000,147080413,45080413
tt0065528,18000000,24911670,6911670
tt0102685,24000000,83531958,59531958
tt0105699,23000000,57138719,34138719
tt0051885,90000,5000000,4910000
tt0084805,21000000,177200000,156200000
tt0230011,120000000,186053725,66053725
tt0146316,115000000,274703340,159703340
tt0240462,70000000,176104344,106104344
tt0232500,38000000,207283925,169283925
tt0212720,100000000,235926552,135926552
tt0255819,16000000,29381649,13381649
tt0250224,13000000,16929123,3929123
tt0239395,60000000,93375151,33375151
tt0271027,25000000,64437847,39437847
tt0257106,45000000,141220678,96220678
tt0082136,18000000,72179579,54179579
tt0057007,2686000,6600000,3914000
tt0053925,270000,1450000,1180000
tt0056217,3200000,8000000,4800000
tt0105378,14000000,2735731,-11264269
tt0055184,4000000,8200000,4200000
tt0049513,4500000,10400000,5900000
tt0089461,10000000,25754284,15754284
tt0082869,16000000,17374595,1374595
tt0068935,130000,85000000,84870000
tt0173840,137000000,85131830,-51868170
tt0250494,18000000,141774679,123774679
tt0227445,68000000,71069884,3069884
tt0227005,5000000,5476060,476060
tt0094602,7500000,18869631,11369631
tt0096764,46630000,8083123,-38546877
tt0094667,4000000,670774,-3329226
tt0094701,4000000,9797098,5797098
tt0094746,20000000,51684798,31684798
tt0094761,19000000,8247943,-10752057
tt0094783,8000000,784990,-7215010
tt2018086,3512454,115860,-3396594
tt0094889,20000000,171504781,151504781
tt0094894,6000000,46616067,40616067
tt0094898,39000000,288752301,249752301
tt0090887,2000000,13167232,11167232
tt0094919,4500000,3813293,-686707
tt0095107,6000000,28202109,22202109
tt0095174,20000000,17637950,-2362050
tt0095253,24000000,43455230,19455230
tt0095326,9000000,6436211,-2563789
tt0095488,2500000,1189315,-1310685
tt0095489,12300000,84460846,72160846
tt0095519,8000000,22433275,14433275
tt0095687,20000000,13854000,-6146000
tt0095774,12000000,7242035,-4757965
tt0095853,8000000,1893139,-6106861
tt0095963,29000000,34994648,5994648
tt0095990,6200000,9205924,3005924
tt0089907,4000000,14237000,10237000
tt0084296,3500000,20659423,17159423
tt0096071,7000000,19595031,12595031
tt0096193,16000000,4594452,-11405548
tt0096256,4000000,13008928,9008928
tt0096320,15000000,216614388,201614388
tt0096794,31000000,74134790,43134790
tt0088708,1000000,10499694,9499694
tt0096926,5000000,117463,-4882537
tt0096928,10000000,40485039,30485039
tt0096933,30000000,45892212,15892212
tt0097027,22500000,18671317,-3828683
tt0097138,500000,10166459,9666459
tt0097142,19000000,19738015,738015
tt0097257,10000000,3916303,-6083697
tt0097334,16000000,2420917,-13579083
tt0097481,30000000,60864870,30864870
tt0097626,20000000,7237794,-12762206
tt0097637,17000000,78247647,61247647
tt0097659,1500000,14697005,13197005
tt0097737,25000000,15704614,-9295386
tt0097758,7000000,793775,-6206225
tt0097770,24000000,22099847,-1900153
tt0097778,7500000,296000000,288500000
tt0097815,11000000,49797148,38797148
tt0097889,3000000,1145404,-1854596
tt0097967,12000000,15942628,3942628
tt0097987,8000000,16093651,8093651
tt0098180,16000000,4192440,-11807560
tt0163025,93000000,368780809,275780809
tt0222851,12000000,15250000,3250000
tt0133152,100000000,362211740,262211740
tt0123948,20000,99000,79000
tt0261755,400000,43719,-356281
tt0243655,5000000,295206,-4704794
tt0098206,15000000,30050028,15050028
tt0098273,19000000,110879513,91879513
tt0098282,18000000,46908987,28908987
tt0098320,5000000,16554699,11554699
tt0098439,55000000,63408614,8408614
tt0098471,15000000,40590000,25590000
tt0098554,15000000,79258538,64258538
tt0098577,2000000,725131,-1274869
tt0098663,6000000,14278900,8278900
tt0087089,58000000,25928721,-32071279
tt0218922,42000000,35402320,-6597680
tt0247638,37000000,165335153,128335153
tt0266915,90000000,347325802,257325802
tt0064782,20000000,31678778,11678778
tt0080360,15000000,19853892,4853892
tt0252866,30000000,287553595,257553595
tt0181739,75000000,13596911,-61403089
tt0244000,35000000,13678913,-21321087
tt0261983,1500000,373967,-1126033
tt0238112,57000000,62112895,5112895
tt0250687,48000000,85498534,37498534
tt0261392,22000000,33788161,11788161
tt0228333,28000000,14010832,-13989168
tt0234829,34000000,19693891,-14306109
tt0263488,10000000,59217789,49217789
tt0092147,1900000,4790926,2890926
tt0246544,40000000,27053815,-12946185
tt0202470,57000000,16991902,-40008098
tt0242587,700000,1667192,967192
tt0221218,30000000,23619609,-6380391
tt0180734,32000000,40222729,8222729
tt0246464,40000000,8493890,-31506110
tt0118589,22000000,5271666,-16728334
tt0139654,45000000,104876233,59876233
tt0239986,1000000,2402459,1402459
tt0057193,9400000,60000000,50600000
tt0067588,725000,10600000,9875000
tt0055312,2900000,5000000,2100000
tt0091993,18000000,9697739,-8302261
tt0260866,50000000,100020092,50020092
tt0252501,31000000,24185781,-6814219
tt0196229,28000000,60780981,32780981
tt0206314,23000000,36642838,13642838
tt0273799,12000000,17292381,5292381
tt0240890,28000000,77516304,49516304
tt0080437,4500000,7206220,2706220
tt0080549,15000000,67182787,52182787
tt0219965,75000000,67631903,-7368097
tt0250310,11000000,23978402,12978402
tt0166924,15000000,20117339,5117339
tt0166110,10000000,7316658,-2683342
tt0066999,4000000,35976000,31976000
tt0067093,9000000,83304330,74304330
tt0120681,35000000,74558115,39558115
tt0272020,72000000,27642707,-44357293
tt0200027,48000000,35743308,-12256692
tt0272152,48000000,50315140,2315140
tt0246578,6000000,1270522,-4729478
tt0249478,75000000,54249294,-20750706
tt0198781,115000000,562816256,447816256
tt0267804,49000000,72700000,23700000
tt0275719,100000,490475,390475
tt0256380,40000000,141069860,101069860
tt0290332,7000000,10229331,3229331
tt0241527,125000000,976475550,851475550
tt0234354,6000000,2025238,-3974762
tt0253798,24000000,14782676,-9217324
tt0266987,92000000,143049560,51049560
tt0256009,4500000,6459020,1959020
tt0062994,14000000,52223306,38223306
tt0090095,2000000,390659,-1609341
tt0076299,810000,1258000,448000
tt0080661,6500000,31899000,25399000
tt0080745,35000000,27107960,-7892040
tt0074483,9000000,46236000,37236000
tt0076070,5500000,26414658,20914658
tt0085862,5000000,12232628,7232628
tt0086383,22000000,67642693,45642693
tt0159273,40000000,91753202,51753202
tt0240772,85000000,450717150,365717150
tt0211915,10000000,173921954,163921954
tt0277371,16000000,66468332,50468332
tt0259711,68000000,203388341,135388341
tt0265666,21000000,71441250,50441250
tt0088103,25000000,5778353,-19221647
tt0084684,4500000,10500000,6000000
tt0086346,15000000,16500000,1500000
tt0278488,12000000,31155435,19155435
tt0268397,25000000,80936232,55936232
tt0120737,93000000,871368364,778368364
tt0268995,72000000,37317558,-34682442
tt0268978,60000000,313542341,253542341
tt0051201,3000000,9000000,6000000
tt0248667,107000000,87713825,-19286175
tt0265086,92000000,172989651,80989651
tt0086619,12000000,30400000,18400000
tt0280707,19800000,87754044,67954044
tt0277027,22000000,92542418,70542418
tt0285742,4000000,44909486,40909486
tt0117653,15000000,76382,-14923618
tt0237534,29000000,70752904,41752904
tt0099044,38000000,153518974,115518974
tt0082288,18000000,14110013,-3889987
tt0087078,18000000,100000000,82000000
tt0085542,1200000,760883,-439117
tt0080771,5500000,4865000,-635000
tt0083511,12000000,78868508,66868508
tt0085271,15000000,10219460,-4780540
tt0106770,14000000,63513743,49513743
tt0066026,3500000,81600000,78100000
tt0055257,6000000,4300000,-1700000
tt0245844,35000000,75395048,40395048
tt0265349,32000000,55157539,23157539
tt0281358,11000000,41227069,30227069
tt0294289,344,4,-340
tt0293416,14500000,95789342,81289342
tt0097116,13000000,22030000,9030000
tt0240900,14000000,6413915,-7586085
tt0082525,24000000,939423,-23060577
tt0265298,15000000,52970014,37970014
tt0233469,85000000,78382433,-6617567
tt0109190,50000000,16671505,-33328495
tt0085891,19000000,11000000,-8000000
tt0275022,12000000,61141030,49141030
tt0251114,70000000,32287044,-37712956
tt0251160,36000000,102244770,66244770
tt0280030,20000000,109862682,89862682
tt0247745,3000000,18492362,15492362
tt0107034,17000000,44456478,27456478
tt0081698,8000000,11715321,3715321
tt0259288,60000000,52322400,-7677600
tt0238546,35000000,45479110,10479110
tt0074174,35000000,35323292,323292
tt0277434,75000000,114660784,39660784
tt0110146,45000000,21355893,-23644107
tt0108395,23000000,71368,-22928632
tt0038057,1202007,2948386,1746379
tt0278295,14000000,25482931,11482931
tt0268695,80000000,123729176,43729176
tt0290212,2000000,2506446,506446
tt0080855,44000000,3484331,-40515669
tt0081071,10000000,15795189,5795189
tt0268380,59000000,383257136,324257136
tt0120804,33000000,102984862,69984862
tt0284490,85000000,77741732,-7258268
tt0264761,1000000,10013424,9013424
tt0245574,5000000,33616692,28616692
tt0105459,7,5,-2
tt0083169,14000000,35856053,21856053
tt0187738,54000000,155010032,101010032
tt0157472,26000000,38793283,12793283
tt0258000,48000000,196397415,148397415
tt0265662,20000000,75597042,55597042
tt0254686,3000000,9801375,6801375
tt0257756,42000000,63781810,21781810
tt0283111,5000000,38275483,33275483
tt0042876,250000,96568,-153432
tt0264472,45000000,94935764,49935764
tt0264616,11000000,13110448,2110448
tt0253867,43000000,68696770,25696770
tt0266391,7000000,3646994,-3353006
tt0219822,6000000,705308,-5294692
tt0259446,5000000,368744044,363744044
tt0072737,1000000,16000000,15000000
tt0264935,50000000,56714147,6714147
tt0277296,60000000,165333180,105333180
tt0211443,11000000,16951798,5951798
tt0282687,40000000,16872671,-23127329
tt0235737,18000000,676698,-17323302
tt0120467,120000,14904,-105096
tt0101701,18000000,5546827,-12453173
tt0065916,106000,19319254,19213254
tt0088256,9000000,10364904,1364904
tt0145487,139000000,821708551,682708551
tt0102753,7500000,6266621,-1233379
tt0103247,14000000,34793160,20793160
tt0250797,50000000,119137784,69137784
tt0091578,860000,2451545,1591545
tt0276751,27000000,129000000,102000000
tt0121765,120000000,649398328,529398328
tt0247199,1500000,416925,-1083075
tt0077523,5,85,80
tt0278435,38000000,51801187,13801187
tt0278504,46000000,113714830,67714830
tt0166813,80000000,122563539,42563539
tt0164184,68000000,193000000,125000000
tt0279493,25000000,41604473,16604473
tt0105219,10000000,14356479,4356479
tt0280486,70000000,65977295,-4022705
tt0285441,1934000,3786801,1852801
tt0258463,60000000,214034224,154034224
tt0267913,84000000,275650703,191650703
tt0245562,115000000,77628265,-37371735
tt0061770,5860000,12000000,6140000
tt0091472,18000000,3900000,-14100000
tt0041866,1600000,5400000,3800000
tt0275847,80000000,145771527,65771527
tt0181689,102000000,358372926,256372926
tt0280590,50000000,171269535,121269535
tt0258273,250000,4186931,3936931
tt0120912,140000000,441818803,301818803
tt0289408,10000000,11411644,1411644
tt0253556,60000000,43061982,-16938018
tt0257044,80000000,181001478,101001478
tt0089798,19000000,12918858,-6081142
tt0068837,100000,22000000,21900000
tt0220506,13000000,37664855,24664855
tt0267626,100000000,35168966,-64831034
tt0243585,120000000,169956806,49956806
tt0295178,63000000,296655431,233655431
tt0303353,40000,1434436,1394436
tt0303243,1900000,240093,-1659907
tt0271219,150000,2891288,2741288
tt0088286,9000000,20458340,11458340
tt0286106,72000000,408247917,336247917
tt0287717,38000000,119723358,81723358
tt0279113,8000000,16856124,8856124
tt0309377,50000000,26199517,-23800483
tt0295701,70000000,277448382,207448382
tt0327036,3000000,19184015,16184015
tt0180052,100000000,7103973,-92896027
tt0300532,25000000,51842679,26842679
tt0255589,50000,21075,-28925
tt0256276,25000000,10113733,-14886267
tt0265459,12000000,52223306,40223306
tt0261289,29000000,16930185,-12069815
tt0281322,20000000,12398628,-7601372
tt0082186,15000000,41092328,26092328
tt0102059,26000000,181096164,155096164
tt0109368,8500000,250993,-8249007
tt0090966,14000000,62134225,48134225
tt0049452,1000000,9000000,8000000
tt0083336,17000000,10626725,-6373275
tt0295254,40000000,18902015,-21097985
tt0269095,40000000,22433915,-17566085
tt0283026,8500000,34411240,25911240
tt0303714,12000000,75781642,63781642
tt0293662,21000000,43928932,22928932
tt0280760,9000000,4777465,-4222535
tt0103924,24000000,22518097,-1481903
tt0077681,230000,25000000,24770000
tt0100666,3000000,15369573,12369573
tt0308208,70000000,19924033,-50075967
tt0240510,35000000,29882645,-5117355
tt0280380,30000000,6916869,-23083131
tt0274812,4000000,9304609,5304609
tt0245429,15000000,274925095,259925095
tt0256415,30000000,180622424,150622424
tt0179098,21000000,10011050,-10988950
tt0289765,78000000,209196298,131196298
tt0095895,2500000,589244,-1910756
tt0098575,33000000,1132112,-31867888
tt0103977,130000,799674,669674
tt0297037,8000000,27362712,19362712
tt0211465,15000000,12000000,-3000000
tt0283084,15000000,19158074,4158074
tt0310793,4000000,35564473,31564473
tt0272338,25000000,17000000,-8000000
tt0291502,10000000,598645,-9401355
tt0267248,25000000,10719357,-14280643
tt0227984,28,14,-14
tt0298130,48000000,249348933,201348933
tt0298744,7000000,2062066,-4937934
tt0145937,3000000,13308,-2986692
tt0107254,3000000,15938065,12938065
tt0076666,3500000,237113184,233613184
tt0086361,22000000,64892670,42892670
tt0081747,20000000,3763988,-16236012
tt0081777,20000000,22471595,2471595
tt0081974,12000000,40716963,28716963
tt0082005,10000000,6892098,-3107902
tt0082085,18000000,12000000,-6000000
tt0082242,3000000,216166,-2783834
tt0082432,3000000,11740000,8740000
tt0082464,300000,1400000,1100000
tt0082497,6500000,566736,-5933264
tt0082507,10000000,2154696,-7845304
tt0082648,18000000,2945600,-15054400
tt0082801,8500000,29916207,21416207
tt0082894,22000000,9171289,-12828711
tt0082948,2800000,26279000,23479000
tt0288477,35000000,68349884,33349884
tt0322802,5000000,64282312,59282312
tt0252223,15000000,23000,-14977000
tt0120679,12000000,56298474,44298474
tt0061452,12000000,41744718,29744718
tt0053804,4000000,21750000,17750000
tt0297181,70000000,33561137,-36438863
tt0304669,65000000,172855065,107855065
tt0210382,16000000,109130,-15890870
tt0280665,35000000,16838910,-18161090
tt0298203,41000000,215000000,174000000
tt0297884,13500000,29027914,15527914
tt0295297,100000000,876688482,776688482
tt0263734,7500000,4245870,-3254130
tt0102782,11000000,2807854,-8192146
tt0083000,1750000,100000,-1650000
tt0081455,4100000,14225876,10125876
tt0083113,14000000,439564,-13560436
tt0083193,5000000,2028612,-2971388
tt0246460,140000000,431971116,291971116
tt0293815,20000000,33526835,13526835
tt0258068,30000000,27674124,-2325876
tt0287467,9285469,51001550,41716081
tt0283160,40000000,10959475,-29040525
tt0307479,47000000,30002758,-16997242
tt0133240,140000000,109578115,-30421885
tt0084749,4000000,39103425,35103425
tt0058777,3500000,8000000,4500000
tt0289848,60000000,55003135,-4996865
tt0262396,4000000,18591272,14591272
tt0268126,19000000,32801173,13801173
tt0238380,20000000,5359645,-14640355
tt0083284,10000000,27453418,17453418
tt0083542,20000000,8178569,-11821431
tt0083642,35000000,69701637,34701637
tt0083745,850000,840000,-10000
tt0303933,20000000,57588485,37588485
tt0252076,55000000,154906693,99906693
tt0253754,60000000,67312826,7312826
tt0257360,30000000,105834556,75834556
tt0167261,79000000,926287400,847287400
tt0307901,15000000,13060843,-1939157
tt0168786,12500000,23367586,10867586
tt0217505,100000000,193772504,93772504
tt0313737,60000000,93354918,33354918
tt0272207,6500000,12633747,6133747
tt0106453,30000000,13273595,-16726405
tt0050629,1750000,2200000,450000
tt0120042,130000,1596,-128404
tt0049934,6000000,12500000,6500000
tt0264464,52000000,352114312,300114312
tt0255477,40000000,41323171,1323171
tt0299658,45000000,306776732,261776732
tt0274558,25000000,41597830,16597830
tt0253474,35000000,120072577,85072577
tt0270288,30000000,33013805,3013805
tt0305711,18000000,101564935,83564935
tt0295289,20000000,17432163,-2567837
tt0317248,3300000,30641770,27341770
tt0057869,120000,182857,62857
tt0326769,24000000,23510601,-489399
tt0309593,26000000,90426405,64426405
tt0303361,500000,150277,-349723
tt0083943,18000000,70687344,52687344
tt0251127,50000000,177371441,127371441
tt0300471,50000000,88323487,38323487
tt0287978,78000000,179179718,101179718
tt0283426,20000000,135680000,115680000
tt0106701,35000000,117270765,82270765
tt0085121,4520000,7175592,2655592
tt0078872,2700000,37799643,35099643
tt0061523,3500000,2000000,-1500000
tt0059573,800000,6792000,5992000
tt0093771,6000000,1432687,-4567313
tt0279331,15000000,9237470,-5762530
tt0279111,56000000,12923936,-43076064
tt0289992,50000000,38955598,-11044402
tt0302886,24000000,87055349,63055349
tt0306685,25000000,56489558,31489558
tt0305669,20000000,132675402,112675402
tt0314353,70000000,85632458,15632458
tt0286499,3500159,76578641,73078482
tt0269347,55000000,34234008,-20765992
tt0055047,5037000,14483352,9446352
tt0178868,1200000,8690429,7490429
tt0218553,6000000,18686644,12686644
tt0065054,8000000,20000000,12000000
tt0285462,20000000,8586376,-11413624
tt0285531,68000000,75715436,7715436
tt0046247,4100000,36000000,31900000
tt0105824,29000000,5519569,-23480431
tt0264395,50000000,42792561,-7207439
tt0298814,60000000,74208267,14208267
tt0316188,800000,2816116,2016116
tt0266465,36000000,44350926,8350926
tt0183649,13000000,97837138,84837138
tt0304328,7500000,209151,-7290849
tt0305224,75000000,195745823,120745823
tt0297144,13000000,17040871,4040871
tt0251736,7000000,16829545,9829545
tt0310281,6000000,18750246,12750246
tt0301727,35866397,20217080,-15649317
tt0067800,2200000,3251794,1051794
tt0066769,6500000,12376563,5876563
tt0250371,7000000,4720371,-2279629
tt0078504,24000000,21049053,-2950947
tt0102411,26000000,12454768,-13545232
tt0102849,3000000,9563393,6563393
tt0309698,30000000,90259536,60259536
tt0332605,2500000,57862,-2442138
tt0306841,17000000,55534455,38534455
tt0290334,110000000,407711549,297711549
tt0290145,1000000,464000,-536000
tt0317303,60000000,164433867,104433867
tt0234215,150000000,738599701,588599701
tt0309530,35000000,20298207,-14701793
tt0283900,5300000,3897799,-1402201
tt0315327,80000000,484572835,404572835
tt0266543,94000000,940335536,846335536
tt0317740,60000000,176070171,116070171
tt0295700,12600000,28650575,16050575
tt0322259,76000000,236350661,160350661
tt0298228,8000000,41400000,33400000
tt0102603,35000000,23562716,-11437284
tt0101410,9000000,6153939,-2846061
tt0102900,22000000,11511031,-10488969
tt0329028,19000000,39267515,20267515
tt0339034,12000000,4922166,-7077834
tt0329717,75000000,51142659,-23857341
tt0318283,30000000,15368897,-14631103
tt0289043,5000000,82719885,77719885
tt0305357,120000000,259175788,139175788
tt0106447,2500000,764083,-1735917
tt0054198,151000,8000000,7849000
tt0045125,3005000,6746000,3741000
tt0286716,137000000,245360480,108360480
tt0333780,45000000,124914842,79914842
tt0165982,60000000,26288320,-33711680
tt0181852,200000000,435000000,235000000
tt0324133,7800000,22441323,14641323
tt0325980,140000000,655011224,515011224
tt0311429,78000000,179265204,101265204
tt0172156,130000000,273339556,143339556
tt0274166,40000000,160583018,120583018
tt0100053,1500000,5585154,4085154
tt0325703,95000000,156505388,61505388
tt0329575,87000000,148336445,61336445
tt0338459,38000000,197011982,159011982
tt0319769,4000000,146402,-3853598
tt0055256,3000000,4000000,1000000
tt0066249,10000000,1500000,-8500000
tt0328828,55000000,231449203,176449203
tt0299930,54000000,7266209,-46733791
tt0322330,26000000,110230332,84230332
tt0257076,80000000,116643346,36643346
tt0329101,30000000,114908830,84908830
tt0316356,22000000,68296293,46296293
tt0263757,20000000,37095657,17095657
tt0313911,28000000,58795814,30795814
tt0045888,658000,23800000,23142000
tt0107504,6000000,12974636,6974636
tt0086525,350000,17343596,16993596
tt0062467,4000000,11000000,7000000
tt0102915,8000000,2275557,-5724443
tt0066434,777000,2437000,1660000
tt0062430,5000000,50000000,45000000
tt0085780,6000000,3661757,-2338243
tt0045546,210000,5000000,4790000
tt0100814,11000000,48572000,37572000
tt0075066,6000000,33833201,27833201
tt0088944,10000000,57500000,47500000
tt0266747,20000000,1675706,-18324294
tt0301470,17000000,63102666,46102666
tt0304711,35000000,11560806,-23439194
tt0320244,5000000,742898,-4257102
tt0303816,1500000,30553394,29053394
tt0325805,62000000,65565672,3565672
tt0285823,29000000,98185582,69185582
tt0335266,4000000,119723856,115723856
tt0077369,12000000,22765081,10765081
tt0088993,3500000,34000000,30500000
tt0064418,24000000,33208099,9208099
tt0104850,40000000,14358033,-25641967
tt0079826,9250000,29174648,19924648
tt0089730,3200000,10000000,6800000
tt0191133,15000000,30238577,15238577
tt0320691,22000000,95708457,73708457
tt0266489,40000000,19322135,-20677865
tt0327850,85000000,80916492,-4083508
tt0328589,18000000,58878723,40878723
tt0330602,4361898,3031801,-1330097
tt0286244,8000000,1477676,-6522324
tt0086541,5952000,2120439,-3831561
tt0169102,5200000,8100000,2900000
tt0055031,3000000,10000000,7000000
tt0078199,118,19,-99
tt0074119,8500000,70600000,62100000
tt0267287,8000000,8826094,826094
tt0106375,15000000,118243066,103243066
tt0101507,6500000,57504069,51004069
tt0101516,30000000,49114016,19114016
tt0104006,18000000,21591728,3591728
tt0065207,7700000,21000000,13300000
tt0102945,19000000,174999005,155999005
tt0110759,9000000,4350774,-4649226
tt0100514,10000000,21633874,11633874
tt0087062,25000000,38348988,13348988
tt0089346,11400000,6700000,-4700000
tt0102749,8000000,10400000,2400000
tt0079576,2500000,15014674,12514674
tt0104376,13000000,3721911,-9278089
tt0101371,18000000,6375979,-11624021
tt0094169,5000000,858250,-4141750
tt0108320,10500000,123509,-10376491
tt0076271,500000,17000000,16500000
tt0061809,3500000,13007551,9507551
tt0102460,23000000,20246790,-2753210
tt0313443,50000000,55495563,5495563
tt0332379,35000000,131282949,96282949
tt0340377,500000,8679814,8179814
tt0335563,5000000,2466444,-2533556
tt0327056,25000000,156822020,131822020
tt0317676,7000000,13818181,6818181
tt0138524,60000000,119940815,59940815
tt0266697,30000000,180949000,150949000
tt0313542,60000000,80154140,20154140
tt0324216,9500000,107071655,97571655
tt0325055,7000000,10000000,3000000
tt0312549,17000000,1569918,-15430082
tt0199626,12000000,23,-11999977
tt0316465,32000000,52277485,20277485
tt0306047,48000000,220673217,172673217
tt0363589,3000000,10012022,7012022
tt0323944,6000000,2944752,-3055248
tt0242653,150000000,424988211,274988211
tt0319343,32000000,173398518,141398518
tt0314331,40000000,244931766,204931766
tt0318155,80000000,68514844,-11485156
tt0311113,150000000,212011111,62011111
tt0343121,300000,7808524,7508524
tt0348836,40000000,141591324,101591324
tt0315733,20000000,60427839,40427839
tt0338135,8000000,3432342,-4567658
tt0307987,23000000,76488889,53488889
tt0338094,90000000,182290266,92290266
tt0300556,80000000,43935763,-36064237
tt0099365,16000000,48878502,32878502
tt0102526,8500000,47624253,39124253
tt0086567,12000000,79567667,67567667
tt0016641,3900000,9000000,5100000
tt0091167,6400000,40084041,33684041
tt0102034,30000000,15556340,-14443660
tt0102070,65000000,17218080,-47781920
tt0077745,3500000,24046533,20546533
tt0099938,15000000,201957688,186957688
tt0102266,29000000,59509925,30509925
tt0070849,1250000,36144000,34894000
tt0100201,20000000,15379253,-4620747
tt0093692,25000000,16057580,-8942420
tt0105104,15000000,44065653,29065653
tt0100404,22000000,221303188,199303188
tt0093793,18000000,18532286,532286
tt0102729,17010000,24941969,7931969
tt0266308,4500000,25000000,20500000
tt0107156,1000000,6933459,5933459
tt0105211,35000000,4651977,-30348023
tt0093936,12000000,110996879,98996879
tt0088194,14500000,8089290,-6410710
tt0056663,64000,24517,-39483
tt0100935,9500000,14560247,5060247
tt0090350,24000000,18707466,-5292534
tt0027948,864000,1276000,412000
tt0028333,886000,2600000,1714000
tt0055798,2650000,3100000,450000
tt0004972,100000,11000000,10900000
tt0040724,3000000,9012000,6012000
tt0031971,531374,1103757,572383
tt0062765,5500000,42300873,36800873
tt0024034,439000,2281000,1842000
tt0024166,225000,2850000,2625000
tt0087892,8000000,27187653,19187653
tt0299977,31000000,177394432,146394432
tt0026071,1152000,1439000,287000
tt0087544,1000000,3301446,2301446
tt0092925,20000000,66673516,46673516
tt0078723,35000000,31755742,-3244258
tt0107387,900000,8556940,7656940
tt0102818,16000000,4409328,-11590672
tt0322589,18000000,62646763,44646763
tt0325710,140000000,456758981,316758981
tt0319061,70000000,122919055,52919055
tt0337741,80000000,266728738,186728738
tt0338466,55000000,33828318,-21171682
tt0167260,94000000,1118888979,1024888979
tt0337909,10000000,96542059,86542059
tt0315983,16500000,16942795,442795
tt0340855,8000000,60378584,52378584
tt0349205,40000000,190212113,150212113
tt0159365,79000000,173013509,94013509
tt0338337,60000000,96269812,36269812
tt0316396,100000000,121975011,21975011
tt0335013,15000000,2281585,-12718415
tt0360139,23000000,12,-22999988
tt0343135,42000000,171963386,129963386
tt0329691,40000000,46546197,6546197
tt0071577,6500000,26533200,20033200
tt0109376,10700000,1238080,-9461920
tt0107750,6000000,3283371,-2716629
tt0098987,49000000,20423389,-28576611
tt0093737,15000000,13290368,-1709632
tt0104009,30000000,14110589,-15889411
tt0107594,11000000,1044824,-9955176
tt0289879,13000000,96060858,83060858
tt0335559,17000000,16980098,-19902
tt0315824,50000000,6808550,-43191450
tt0345551,850000,819939,-30061
tt0337579,18000000,65070412,47070412
tt0337917,18000000,16702864,-1297136
tt0349825,28000000,64445708,36445708
tt0309987,15000000,15121165,121165
tt0073282,70000,11800000,11730000
tt0328538,2000000,4601043,2601043
tt0013140,1100000,400200,-699800
tt0086955,18000000,19265302,1265302
tt0343660,75000000,196482882,121482882
tt0361925,30000000,14000000,-16000000
tt0067927,1300000,72266306,70966306
tt0015400,1135654,1213880,78226
tt0089421,12500000,238227,-12261773
tt0091828,8500000,16209459,7709459
tt0312329,39000000,6614280,-32385720
tt0361467,15000000,29331068,14331068
tt0356150,25000000,20796847,-4203153
tt0335345,30000000,611899420,581899420
tt0331953,8500000,5001655,-3498345
tt0338096,25000000,27685016,2685016
tt0315297,50000000,25195000,-24805000
tt0301357,4800000,79384880,74584880
tt0317648,100000000,108103450,8103450
tt0335438,60000000,170268750,110268750
tt0358349,26000000,28818995,2818995
tt0265208,25000000,30411183,5411183
tt0363988,40000000,92913171,52913171
tt0360009,19250000,8112712,-11137288
tt0109447,19000000,7411659,-11588341
tt0118172,12,1,-11
tt0363547,28000000,102356381,74356381
tt0338013,20000000,72258126,52258126
tt0364045,45000000,65470529,20470529
tt0332658,5000000,4856298,-143702
tt0300051,35000000,36098382,1098382
tt0354766,3000000,5923000,2923000
tt0276919,10000000,16680836,6680836
tt0167190,66000000,99318987,33318987
tt0299172,110000000,103951461,-6048539
tt0351977,56000000,57223890,1223890
tt0359517,12000000,31179516,19179516
tt0318974,145000000,25819961,-119180039
tt0327679,31000000,27388767,-3611233
tt0327247,40000000,26155781,-13844219
tt0049833,13000000,122700000,109700000
tt0077402,650000,55000000,54350000
tt0059797,5600000,29950000,24350000
tt0088680,4500000,10609321,6109321
tt0345074,20000000,11341016,-8658984
tt0378194,30000000,152159461,122159461
tt0330793,33000000,54700105,21700105
tt0289635,6400000,2500000,-3900000
tt0337563,37000000,96455697,59455697
tt0328107,70000000,130293714,60293714
tt0335121,25000000,30114487,5114487
tt0323033,28000000,30016165,2016165
tt0377092,17000000,129042871,112042871
tt0277895,6000000,293793,-5706207
tt0338526,160000000,300257475,140257475
tt0339419,800000,62852,-737148
tt0332452,175000000,497409852,322409852
tt0160184,55000000,6416302,-48583698
tt0089092,40000000,12303411,-27696589
tt0070034,850000,90000000,89150000
tt0062512,9500000,111584787,102084787
tt0086034,27500000,187500000,160000000
tt0086006,36000000,160000000,124000000
tt0089015,350000,2400000,2050000
tt0086984,10000000,8801940,-1198060
tt0056241,500000,2500000,2000000
tt0105217,12000000,37170057,25170057
tt0105017,12000000,2280148,-9719852
tt0078966,5900000,51718367,45818367
tt0034587,134000,4000000,3866000
tt0079227,1000000,18300000,17300000
tt0110725,50000000,49000000,-1000000
tt0155713,1070000,570000,-500000
tt0089114,25000000,9873044,-15126956
tt0080120,4000000,22490039,18490039
tt0066549,25000000,3052000,-21948000
tt0066580,600000,34505110,33905110
tt0070518,4638783,11000000,6361217
tt0065446,3716946,5000000,1283054
tt0102116,7000000,191125,-6808875
tt0058404,3000000,12000000,9000000
tt0100260,11000000,8862354,-2137646
tt0209077,1300000,447741,-852259
tt0075784,22000000,50750000,28750000
tt0087003,8000000,10600497,2600497
tt0091083,4500000,1261000,-3239000
tt0120199,25000000,1614266,-23385734
tt0095756,210000,107352,-102648
tt0072856,300000,8000000,7700000
tt0068638,3352254,58831997,55479743
tt0070379,500000,3000000,2500000
tt0060490,3500000,12000000,8500000
tt0285728,250000,144008,-105992
tt0102631,34000000,18634643,-15365357
tt0047849,1271000,3788000,2517000
tt0062794,950000,814666,-135334
tt0065466,2090000,40000000,37910000
tt0101373,36000000,1345903,-34654097
tt0100258,4200000,5835247,1635247
tt0024481,1114000,2610000,1496000
tt0087957,7200000,68392977,61192977
tt0068421,6000000,7500000,1500000
tt0046816,2000000,21750000,19750000
tt0079116,8000000,43000000,35000000
tt0298148,150000000,919838758,769838758
tt0319262,125000000,544272402,419272402
tt0350028,50000000,49718611,-281389
tt0367085,16000000,14822346,-1177654
tt0323298,2500000,1062253,-1437747
tt0304141,130000000,789804554,659804554
tt0297284,27000000,21148829,-5851171
tt0296572,105000000,115772733,10772733
tt0356634,50000000,200804534,150804534
tt0327162,90000000,102000000,12000000
tt0374900,400000,46118097,45718097
tt0103976,27000000,14683921,-12316079
tt0101746,12000000,38120905,26120905
tt0034746,802000,4371000,3569000
tt0063642,14320000,14000000,-320000
tt0066090,11000000,2200000,-8800000
tt0100129,5000000,485772,-4514228
tt0041841,1000000,7800000,6800000
tt0390521,65000,28575078,28510078
tt0061420,360000,36000000,35640000
tt0091209,6000000,5844868,-155132
tt0044030,2300000,11000000,8700000
tt0327437,110000000,72178895,-37821105
tt0364725,20000000,167722310,147722310
tt0362227,60000000,219417255,159417255
tt0381707,37000000,113086475,76086475
tt0332280,29000000,115603229,86603229
tt0338512,74500000,62172050,-12327950
tt0064100,2000000,30000000,28000000
tt0110944,20000000,305070,-19694930
tt0104573,5000000,20146880,15146880
tt0295721,14500000,65497208,50997208
tt0093693,1880006,26713187,24833181
tt0361596,6000000,119114517,113114517
tt0114371,4000000,389503,-3610497
tt0073092,2700000,5000000,2300000
tt0087597,15000000,28733290,13733290
tt0316654,200000000,783766341,583766341
tt0381681,2700000,15992615,13292615
tt0349683,120000000,203567857,83567857
tt0357413,26000000,90574188,64574188
tt0356470,19000000,70067909,51067909
tt0343818,120000000,347234916,227234916
tt0056085,15000000,50000000,35000000
tt0372183,75000000,288500217,213500217
tt0327554,100000000,82102379,-17897621
tt0359423,6500000,1548955,-4951045
tt0075268,5000000,24854765,19854765
tt0063592,1455000,2620000,1165000
tt0093744,5000000,3569939,-1430061
tt0103007,22000000,11000863,-10999137
tt0055572,160000,100655,-59345
tt0368008,80000000,96105964,16105964
tt0167456,57000000,28283637,-28716363
tt0368447,60000000,256697520,196697520
tt0333766,2500000,26781723,24281723
tt0369339,65000000,217764291,152764291
tt0361841,35000000,22034832,-12965168
tt0366551,9000000,23936908,14936908
tt0368933,40000000,95149435,55149435
tt0370263,70000000,171183863,101183863
tt0403703,20000000,29170410,9170410
tt0361309,3000000,2037545,-962455
tt0364751,19000000,69631118,50631118
tt0204313,80000000,78000586,-1999414
tt0366174,20000000,70992898,50992898
tt0324127,27000000,13000000,-14000000
tt0241025,23000000,16123851,-6876149
tt0380277,16000000,12,-15999988
tt0338325,20000000,16605763,-3394237
tt0324554,30000000,13001257,-16998743
tt0093624,1200000,3109904,1909904
tt0337921,25000000,56422687,31422687
tt0318627,45000000,129394835,84394835
tt0339412,30000000,21800302,-8199698
tt0346156,70000000,57958696,-12041304
tt0360201,31000000,41512007,10512007
tt0356618,42000000,117575636,75575636
tt0365125,15000000,1914166,-13085834
tt0365748,4000000,30039392,26039392
tt0029852,2000000,4000000,2000000
tt0076504,6000000,14717854,8717854
tt0103594,47000000,7191399,-39808601
tt0307453,75000000,367275019,292275019
tt0349710,60000000,74541707,14541707
tt0361696,15000000,14867514,-132486
tt0316732,25000000,36609966,11609966
tt0390384,7000,424760,417760
tt0358135,50000000,170128460,120128460
tt0372588,32000000,50907422,18907422
tt0074279,780000,1500000,720000
tt0390022,30000000,61255921,31255921
tt0390538,218,1162014,1161796
tt0252028,45000000,14793624,-30206376
tt0391198,10000000,183474602,173474602
tt0375173,60000000,13395939,-46604061
tt0375063,16000000,109502303,93502303
tt0361862,5000000,8203235,3203235
tt0387564,1200000,103911669,102711669
tt0350258,40000000,124731534,84731534
tt0317705,92000000,631442092,539442092
tt0338348,165000000,305875730,140875730
tt0387575,12000000,24829644,12829644
tt0367479,60000000,61347797,1347797
tt0317198,50000000,40203020,-9796980
tt0308644,25000000,116766556,91766556
tt0420332,7000000,29385320,22385320
tt0368891,100000000,347451894,247451894
tt0275491,5000000,40266982,35266982
tt0345950,30000000,140161792,110161792
tt0346491,155000000,167298192,12298192
tt0376541,27000000,115505027,88505027
tt0349903,110000000,362744280,252744280
tt0359013,65000000,128905366,63905366
tt0053644,900000,10000000,9100000
tt0053716,3000000,7100000,4100000
tt0339727,16000000,174318,-15825682
tt0106912,19885552,19724334,-161218
tt0005078,17311,137365,120054
tt0015624,245000,22000000,21755000
tt0024548,200000,2200000,2000000
tt0026529,243000,950000,707000
tt0032273,2000000,9172000,7172000
tt0035959,2627000,5363000,2736000
tt0040064,1243000,2841000,1598000
tt0040369,2500000,3000000,500000
tt0040694,3700000,2956000,-744000
tt0042200,3768785,8000000,4231215
tt0053131,3500000,12800000,9300000
tt0055946,15000,3274,-11726
tt0056264,19000000,13680000,-5320000
tt0058946,800000,921548,121548
tt0059127,280379,364937,84558
tt0059418,3800000,14873,-3785127
tt0059825,5800000,6800000,1000000
tt0061955,747000,44566,-702434
tt0062138,2500000,3200000,700000
tt0066601,7000000,1000000,-6000000
tt0067810,150000,15200000,15050000
tt0072973,2500000,2000000,-500000
tt0075223,6500000,51079064,44579064
tt0076141,3400000,31063038,27663038
tt0076740,22000000,12000000,-10000000
tt0079336,9000000,38200000,29200000
tt0082892,48740,955401,906661
tt0085255,22000000,42313354,20313354
tt0086216,10000000,2494480,-7505520
tt0086491,10000000,29450919,19450919
tt0087968,9000000,6045657,-2954343
tt0088821,3400000,660537,-2739463
tt0089603,5000000,502758,-4497242
tt0090856,15000000,12308521,-2691479
tt0091981,25000000,1579260,-23420740
tt0093777,3000000,14182492,11182492
tt0095904,1300000,354704,-945296
tt0097814,6900000,18172849,11272849
tt0099329,11000000,8266343,-2733657
tt0099611,2500000,205068,-2294932
tt0099739,10000000,47410000,37410000
tt0099747,40000000,9243140,-30756860
tt0100029,6000000,24078196,18078196
tt0101597,4000000,259012,-3740988
tt0101786,17000000,4603929,-12396071
tt0102395,13000000,3752426,-9247574
tt0102614,14000000,39673161,25673161
tt0104107,17000000,4836637,-12163363
tt0106950,8000000,6739141,-1260859
tt0107277,18000000,1528163,-16471837
tt0107819,5000000,2970,-4997030
tt0120604,20000000,1531251,-18468749
tt0145394,891000,229000,-662000
tt0164538,5200000,13000000,7800000
tt0172684,1530000,15306000,13776000
tt0212712,12000000,19271312,7271312
tt0271946,25697387,3849941,-21847446
tt0292490,2079000,4099000,2020000
tt0310775,4000000,1954937,-2045063
tt0318081,80000000,5989640,-74010360
tt0339291,140000000,209073645,69073645
tt0349260,12000000,163536,-11836464
tt0351817,5000000,7338987,2338987
tt0356614,8256269,460978,-7795291
tt0364569,3000000,14980005,11980005
tt0366627,29000000,21126225,-7873775
tt0369702,12806000,38535221,25729221
tt0371246,80000000,55041367,-24958633
tt0373926,80000000,162944923,82944923
tt0374102,130000,54667954,54537954
tt0375912,6500000,11850214,5350214
tt0377062,45000000,21009180,-23990820
tt0377091,500000,603943,103943
tt0377109,50000000,161451538,111451538
tt0377992,10000000,4069090,-5930910
tt0381936,700000,1600000,900000
tt0384533,8000000,365134,-7634866
tt0388789,350000,3515061,3165061
tt0389326,2600000,3166000,566000
tt0405296,8700000,7659918,-1040082
tt0405821,6000000,1530216,-4469784
tt0405159,30000000,216763646,186763646
tt0395169,17500000,38000000,20500000
tt0367594,150000000,474968763,324968763
tt0362270,50000000,34808403,-15191597
tt0338751,116000000,102000000,-14000000
tt0293508,70000000,154648887,84648887
tt0290002,80000000,516642939,436642939
tt0375210,10000000,91196419,81196419
tt0086429,1500000,2044892,544892
tt0020960,3950000,8000000,4050000
tt0104804,30,4,-26
tt0034167,1400000,16361885,14961885
tt0076929,1200000,9000000,7800000
tt0401233,10000000,1461989,-8538011
tt0357277,43000000,56681566,13681566
tt0376105,30000000,93772522,63772522
tt0393162,30000000,76669806,46669806
tt0075265,6000000,161000000,155000000
tt0101412,6000000,869325,-5130675
tt0109402,26000000,8009329,-17990671
tt0363163,18339750,92180910,73841160
tt0398712,30000000,35294470,5294470
tt0368578,32000000,97918663,65918663
tt0369226,20000000,10442808,-9557192
tt0382077,25000000,122644820,97644820
tt0357507,20000000,67192859,47192859
tt0372532,15000000,47175038,32175038
tt0106761,3500000,2341309,-1158691
tt0347149,24000000,234710455,210710455
tt0361322,500,41,-459
tt0386588,70000000,368100420,298100420
tt0418753,2000000,653621,-1346379
tt0360486,100000000,230884728,130884728
tt0317132,14000000,32645546,18645546
tt0403358,4200000,32000000,27800000
tt0041838,3000000,11500000,8500000
tt0373074,20000000,100914445,80914445
tt0257516,35000000,19294901,-15705099
tt0395699,56000000,113006880,57006880
tt0377471,53000000,95226116,42226116
tt0340163,52000000,77944725,25944725
tt0358082,75000000,260696994,185696994
tt0106464,12000000,212483,-11787517
tt0107745,13000000,6582052,-6417948
tt0063035,7000000,11000000,4000000
tt0396652,25000000,27645491,2645491
tt0372237,35000000,68915888,33915888
tt0399901,3000000,6804016,3804016
tt0096409,5800000,257043,-5542957
tt0357110,1500000,712294,-787706
tt0401792,40000000,158733820,118733820
tt0388500,25000000,36351350,11351350
tt0318649,130000000,119269486,-10730514
tt0332047,30000000,50451307,20451307
tt0088001,28000000,21435321,-6564679
tt0060491,15000000,34562222,19562222
tt0037465,2995000,2000000,-995000
tt0371724,50000000,104478416,54478416
tt0384806,19000000,108047131,89047131
tt0384369,4500000,3764219,-735781
tt0079180,9200000,9346177,146177
tt0391304,30000000,42886719,12886719
tt0329774,60000000,71073932,11073932
tt0320661,130000000,211643158,81643158
tt0397065,40000000,68766121,28766121
tt0375679,6500000,98410061,91910061
tt0028216,1300000,5273000,3973000
tt0342258,45000000,50871113,5871113
tt0121766,113000000,850000000,737000000
tt0384642,45000000,56070433,11070433
tt0369735,43000000,154749918,111749918
tt0411705,1000000,1574623,574623
tt0351283,75000000,532680671,457680671
tt0106233,2600000,2850263,250263
tt0449086,30000000,251495,-29748505
tt0398165,82000000,190320568,108320568
tt0119709,25000000,11838218,-13161782
tt0352248,88000000,108539911,20539911
tt0403508,25000000,39053061,14053061
tt0355702,25000000,13411957,-11588043
tt0356910,110000000,478207520,368207520
tt0424774,50000000,69425966,19425966
tt0388139,2000000,120620,-1879380
tt0043949,8250000,30000000,21750000
tt0372784,150000000,374218673,224218673
tt0400497,50000000,66002004,16002004
tt0418819,15000000,46770602,31770602
tt0374536,85000000,131426169,46426169
tt0049778,1920000,3360000,1440000
tt0078444,2515000,24000000,21485000
tt0407304,132000000,591739379,459739379
tt0428803,8000000,127392239,119392239
tt0376108,45000000,16809014,-28190986
tt0382628,30000000,25473093,-4526907
tt0120667,100000000,330579719,230579719
tt0436613,300000,1750211,1450211
tt0396269,40000000,285176741,245176741
tt0409184,13000000,23727301,10727301
tt0410097,8000000,23563727,15563727
tt0099740,1500000,5728953,4228953
tt0399201,126000000,162949164,36949164
tt0408524,30000000,34252847,4252847
tt0405325,35000000,86369815,51369815
tt0382992,135000000,76932943,-58067057
tt0417001,30000000,58405313,28405313
tt0379786,39000000,38869464,-130536
tt0412019,10000000,45742101,35742101
tt0368774,74050,176153,102103
tt0290747,7500000,143000,-7357000
tt0377818,50000000,110803676,60803676
tt0367652,22000000,22400154,400154
tt0397101,43000000,91974818,48974818
tt0430105,45000000,92374674,47374674
tt0326905,80000000,10166502,-69833498
tt0405422,26000000,109449237,83449237
tt0421239,26000000,57891803,31891803
tt0112870,13200000,100000000,86800000
tt0361089,35000000,19478106,-15521894
tt0355295,88000000,105316267,17316267
tt0402901,30000000,15007991,-14992009
tt0434424,9000000,1046166,-7953834
tt0387131,25000000,82466670,57466670
tt0388482,32000000,85167639,53167639
tt0425123,58000000,102854431,44854431
tt0377107,20000000,7535331,-12464669
tt0399295,42000000,24127895,-17872105
tt0384286,1000000,10047674,9047674
tt0404030,7000000,2697930,-4302070
tt0419706,60000000,55987321,-4012679
tt0421054,50000000,22944502,-27055498
tt0348333,3000000,18637690,15637690
tt0402022,62000000,52304001,-9695999
tt0350261,30000000,18618284,-11381716
tt0404032,19000000,144216468,125216468
tt0408790,55000000,223387299,168387299
tt0121164,40000000,117195061,77195061
tt0399146,32000000,60740827,28740827
tt0380599,50000000,42093706,-7906294
tt0388980,25000000,15431177,-9568823
tt0379725,7000000,49084830,42084830
tt0378109,50000000,44434439,-5565561
tt0366780,4000000,866999,-3133001
tt0312004,30000000,192452832,162452832
tt0373469,15000000,15785148,785148
tt0380389,30000000,27610873,-2389127
tt0092240,2700000,3500000,800000
tt0056800,17000000,10000000,-7000000
tt0367089,1500000,11098131,9598131
tt0417217,35000000,30526509,-4473491
tt0388795,14000000,178043761,164043761
tt0368709,57000000,52034889,-4965111
tt0395972,35000000,25224242,-9775758
tt0433383,7000000,54600000,47600000
tt0421238,2000000,5048693,3048693
tt0432291,18000000,46201432,28201432
tt0338427,10284523,11588205,1303682
tt0371257,50000000,8342132,-41657868
tt0386140,75000000,142400065,67400065
tt0384680,20000000,12482775,-7517225
tt0432348,4000000,152925093,148925093
tt0402158,24000000,11875866,-12124134
tt0342735,14200000,674918,-13525082
tt0075909,17000000,8720000,-8280000
tt0418763,72000000,96889998,24889998
tt0371606,150000000,314432665,164432665
tt0424205,22000000,17709155,-4290845
tt0430308,40000000,46442528,6442528
tt0365737,50000000,94000000,44000000
tt0398017,22000000,57479076,35479076
tt0414387,28000000,121147947,93147947
tt0416315,1000000,27762648,26762648
tt0330373,150000000,895921036,745921036
tt0358273,28000000,186438883,158438883
tt0294870,40000000,31670620,-8329380
tt0406375,65000000,64321501,-678499
tt0387059,14000000,6856989,-7143011
tt0443295,45000000,72028752,27028752
tt0416320,15000000,85306374,70306374
tt0363771,180000000,748806957,568806957
tt0360717,207000000,550000000,343000000
tt0397535,85000000,162242962,77242962
tt0247303,15000000,163169,-14836831
tt0365485,10000000,17297244,7297244
tt0392465,12000000,84967,-11915033
tt0419294,15000000,12036149,-2963851
tt0408306,70000000,130358911,60358911
tt0395251,45000000,38058335,-6941665
tt0407265,1000000,13350369,12350369
tt0398375,70000000,88933562,18933562
tt0452598,60000000,129181830,69181830
tt0369441,100000000,202026112,102026112
tt0444653,169000,18564702,18395702
tt0402399,30000000,30536013,536013
tt0414852,12000000,9584131,-2415869
tt0383222,25000000,2405420,-22594580
tt0450278,4800000,80578934,75778934
tt0375154,31000000,28000000,-3000000
tt0408985,45000000,38399961,-6600039
tt0443536,15000000,51053787,36053787
tt0401855,50000000,111340801,61340801
tt0437447,7500000,3752325,-3747675
tt0089913,28000000,358574,-27641426
tt0416496,35000000,10496317,-24503683
tt0417433,26000000,17496992,-8503008
tt0421729,40000000,138259062,98259062
tt0396752,25000000,122489822,97489822
tt0414982,25000000,117719158,92719158
tt0425598,3000000,11718595,8718595
tt0092115,1100000,5450815,4350815
tt0381971,50000000,69834815,19834815
tt0408345,45000000,82800000,37800000
tt0455857,15000000,66966987,51966987
tt0401815,4750000,206871,-4543129
tt0349467,37665000,14655628,-23009372
tt0380817,3500000,113783,-3386217
tt0397313,40000000,120455994,80455994
tt0466342,20000000,48548426,28548426
tt0404390,17000000,9500000,-7500000
tt0455612,6000000,57231524,51231524
tt0370032,30000000,31070211,1070211
tt0397078,28000000,38159905,10159905
tt0454919,38000000,29907685,-8092315
tt0450232,55000000,65664721,10664721
tt0427229,50000000,128406887,78406887
tt0438097,80000000,660940780,580940780
tt0434409,54000000,132511035,78511035
tt0454945,20000000,33889159,13889159
tt0427944,6500000,24793509,18293509
tt0419749,13000000,2636637,-10363363
tt0454848,45000000,184376254,139376254
tt0468565,3000000,9879971,6879971
tt0429591,12000000,23006849,11006849
tt0110329,2000000,2260622,260622
tt0458242,1380000,1615018,235018
tt0454841,15000000,69623713,54623713
tt0393735,50000000,61112916,11112916
tt0108187,25000000,2438031,-22561969
tt0405094,2000000,70000000,68000000
tt0446046,30000000,34742066,4742066
tt0425210,27000000,56308881,29308881
tt0441909,12899867,85582407,72682540
tt0437800,8000000,18948425,10948425
tt0441796,9000000,27105095,18105095
tt0430912,70000000,38629478,-31370522
tt0393109,475000,3919254,3444254
tt0466856,20000000,21170563,1170563
tt0386741,18000000,1831348,-16168652
tt0436331,6500000,13368437,6868437
tt0362120,45000000,178262620,133262620
tt0424136,950000,7022209,6072209
tt0093743,8000000,3261638,-4738362
tt0443632,60000000,77920346,17920346
tt0405469,80000000,37384046,-42615954
tt0384537,50000000,97607453,47607453
tt0387055,1601792,253527,-1348265
tt0465142,17000000,7314027,-9685973
tt0023196,558000,2227000,1669000
tt0427954,6000000,27165581,21165581
tt0317919,150000000,397850012,247850012
tt0449089,50000000,87528173,37528173
tt0475276,15000000,76286096,61286096
tt0398027,8000000,852872,-7147128
tt0327084,80000000,343397247,263397247
tt0409182,160000000,181674817,21674817
tt0382625,125000000,767820459,642820459
tt0376994,210000000,459359555,249359555
tt0452594,52000000,204999686,152999686
tt0417385,400000,95687,-304313
tt0317219,120000000,461983149,341983149
tt0343996,9600000,4386236,-5213764
tt0360016,1700000,12762,-1687238
tt0466909,25000000,119188334,94188334
tt0457510,32000000,80197993,48197993
tt0410297,40000000,114830111,74830111
tt0389860,82500000,237681299,155181299
tt0458352,35000000,326551094,291551094
tt0383574,200000000,1065659812,865659812
tt0463034,54000000,130431368,76431368
tt0424345,5000000,26888376,21888376
tt0452637,75000000,42285169,-32714831
tt0422720,40000000,60474340,20474340
tt0489037,1000000,1678874,678874
tt0497116,1000000,46243000,45243000
tt0463985,85000000,158468292,73468292
tt0348150,270000000,391081192,121081192
tt0449059,8000000,100523181,92523181
tt0085384,11000000,4491986,-6508014
tt0449467,25000000,135330182,110330182
tt0079758,12000000,54000000,42000000
tt0430304,64000000,101595121,37595121
tt0385880,75000000,140175006,65175006
tt0417148,33000000,62022014,29022014
tt0457513,4000000,31584901,27584901
tt0415306,72500000,162966177,90466177
tt0477347,110000000,574480841,464480841
tt0469641,63000000,162945894,99945894
tt0420223,30000000,53653224,23653224
tt0038213,2160000,9132000,6972000
tt0430357,135000000,163794509,28794509
tt0454921,55000000,307077295,252077295
tt0455967,18000000,41009669,23009669
tt0429589,50000000,55181129,5181129
tt0421229,750000,1720953,970953
tt0479884,12000000,42931041,30931041
tt1701210,40000000,5446000,-34554000
tt0402910,20000000,10289,-19989711
tt0414853,51000000,72779000,21779000
tt0462590,12000000,114194847,102194847
tt0383060,35000000,12506188,-22493812
tt0479647,8000000,12671300,4671300
tt0468489,700000,4911725,4211725
tt0410764,12000000,566611,-11433389
tt0035703,662141,1606624,944483
tt0384793,23000000,38505009,15505009
tt0443543,40000000,86915017,46915017
tt0436697,15000000,123384128,108384128
tt0486551,17500000,19179969,1679969
tt0450345,40000000,38755073,-1244927
tt0473024,5800000,7000000,1200000
tt0414951,900000,381420,-518580
tt0460989,6500000,22889018,16389018
tt0475944,20000000,37597471,17597471
tt0423169,2000000,622806,-1377194
tt0387808,30000000,495303,-29504697
tt0414993,35000000,15304890,-19695110
tt0354899,6000000,9524340,3524340
tt0439630,1549000,7096000,5547000
tt0387877,50000000,49111202,-888798
tt0421206,30000000,41480851,11480851
tt0063787,76000,6000000,5924000
tt0472043,40000000,120175290,80175290
tt0454824,60000000,17800000,-42200000
tt0493430,11000000,72778712,61778712
tt0405676,55000000,9450897,-45549103
tt0435623,450000,973525,523525
tt0443453,18000000,261572744,243572744
tt0457430,19000000,83258226,64258226
tt0406816,70000000,55011732,-14988268
tt0400717,85000000,197309027,112309027
tt0462519,20000000,17807569,-2192431
tt0407887,90000000,289847354,199847354
tt0424993,12000000,38368909,26368909
tt0457495,40000000,23937870,-16062130
tt0439289,12000000,6754898,-5245102
tt0433386,20000000,39143839,19143839
tt0483726,20000000,41237648,21237648
tt0419946,20000000,22165608,2165608
tt0420609,13000000,1151330,-11848670
tt0430431,20000000,13391174,-6608826
tt0404203,26000000,14821658,-11178342
tt0077531,11,11,0
tt0805526,100000,10178331,10078331
tt0455590,6000000,48027970,42027970
tt0367027,2000000,5179037,3179037
tt0206634,76000000,69959751,-6040249
tt0482571,40000000,109676311,69676311
tt0418689,90000000,65900249,-24099751
tt0434215,15000000,21000000,6000000
tt0417397,9500000,24000000,14500000
tt0489270,10000000,163876815,153876815
tt0853096,2000000,167000,-1833000
tt0027438,1200000,2736000,1536000
tt0424095,149000000,64459316,-84540684
tt0396171,50000000,132180323,82180323
tt0452681,12000000,84500122,72500122
tt0401445,35000000,42064105,7064105
tt0433442,15000000,11992014,-3007986
tt0470765,12000000,5542025,-6457975
tt0381061,150000000,599045960,449045960
tt0366548,100000000,384335608,284335608
tt0454987,4000000,4630045,630045
tt0453467,75000000,180557550,105557550
tt0457939,85000000,194168700,109168700
tt0448124,12000000,1381665,-10618335
tt0433387,2000000,5967038,3967038
tt0365830,22000000,13405595,-8594405
tt0450259,100000000,170877916,70877916
tt0413895,85000000,144000000,59000000
tt0449010,100000000,249288105,149288105
tt0479143,24000000,155721132,131721132
tt0422295,16800000,2281089,-14518911
tt0443431,500000,745327,245327
tt0758794,65000000,43545364,-21454636
tt0343737,85000000,59908565,-25091435
tt0443489,70000000,154937680,84937680
tt0463998,21000000,41170784,20170784
tt0464049,4000000,13401952,9401952
tt0465551,15000000,49469904,34469904
tt0398913,21000000,480314,-20519686
tt0452624,32000000,5914908,-26085092
tt0498380,19000000,68673228,49673228
tt0454082,9000000,21510851,12510851
tt0308353,47000000,38085778,-8914222
tt0462229,20000000,10337477,-9662523
tt0775539,13000000,75511123,62511123
tt0482546,30000000,35078241,5078241
tt0344854,86000000,107944236,21944236
tt0455960,10000000,25399945,15399945
tt0398808,60000000,137587063,77587063
tt0076263,100000,362222,262222
tt0473308,2000000,22179430,20179430
tt0395495,25000000,16158487,-8841513
tt0475394,17000000,57103895,40103895
tt0799949,20000000,86865564,66865564
tt0425430,16000000,1109660,-14890340
tt0367959,50000000,82169884,32169884
tt0477051,60000000,95673607,35673607
tt0382932,150000000,623722818,473722818
tt0401711,13000000,4857367,-8142633
tt0469263,13000000,11130889,-1869111
tt0482527,15500000,7385434,-8114566
tt0066115,5000000,3000000,-2000000
tt0444182,14500000,22963701,8463701
tt0450340,3700000,3338228,-361772
tt0425601,5000000,3833507,-1166493
tt0259324,110000000,228738393,118738393
tt0778661,10000000,31609243,21609243
tt0758766,40000000,145896422,105896422
tt0481369,30000000,77566815,47566815
tt0499554,10000000,20342161,10342161
tt0462200,15000000,10903846,-4096154
tt0435680,994000,165000,-829000
tt0425112,12000000,80573774,68573774
tt0435705,70000000,76066841,6066841
tt0418110,818418,4851244,4032826
tt0092226,13000000,8475466,-4524534
tt0443706,65000000,84785914,19785914
tt0429277,2000000,30,-1999970
tt0416449,65000000,422610419,357610419
tt0477095,8,21,13
tt0468492,11000000,88489643,77489643
tt0416508,16500000,37311672,20811672
tt0433416,12000000,20138836,8138836
tt0770772,11000000,13196245,2196245
tt0477071,20000000,84146832,64146832
tt0455760,20000000,22217407,2217407
tt0490204,20000000,22222308,2222308
tt0822854,61000000,95696996,34696996
tt0453556,34000000,95608995,61608995
tt0389557,21000000,26193068,5193068
tt0427470,16000000,5367030,-10632970
tt0444682,40000000,62771059,22771059
tt0396555,150000000,169332978,19332978
tt0479537,18000000,1196307,-16803693
tt0448134,50000000,32017803,-17982197
tt0462338,25000000,11772461,-13227539
tt0455957,50000000,9448082,-40551918
tt0457433,60795000,73090611,12295611
tt0486822,20000000,117760134,97760134
tt0446013,45000000,30822861,-14177139
tt0376196,15500000,1237615,-14262385
tt0445946,25000000,5549200,-19450800
tt0452702,19000000,35300645,16300645
tt0419843,10000000,17500000,7500000
tt0453451,25000000,229736344,204736344
tt0435670,30000000,26810113,-3189887
tt0413300,258000000,890871626,632871626
tt0495596,22000000,68000000,46000000
tt0460505,8000000,2019009,-5980991
tt0409904,4200000,38862717,34662717
tt0480025,2380000,8176544,5796544
tt0478311,30000000,219076518,189076518
tt0427327,50000000,90450008,40450008
tt0463854,15000000,64238440,49238440
tt0413267,160000000,798958165,638958165
tt0907657,160000,20710513,20550513
tt0449088,300000000,961000000,661000000
tt0470705,4000000,8059140,4059140
tt0780571,20000000,41637263,21637263
tt0441007,9000000,2955039,-6044961
tt0411061,30000000,16930884,-13069116
tt0496806,85000000,311312624,226312624
tt0466399,2000000,300000,-1700000
tt0472259,1000000,10018,-989982
tt0498353,10200000,35619521,25419521
tt0423294,85000000,149044513,64044513
tt0486576,130000000,289047763,159047763
tt0457572,8000000,426224,-7573776
tt1028528,25000000,25037897,37897
tt0046248,16000,1000000,984000
tt0462504,10000000,7177143,-2822857
tt0473709,2000000,265198,-1734802
tt0105508,250000,340147,90147
tt0386032,9000000,24538513,15538513
tt0314524,2224000,28000000,25776000
tt0829459,16000000,18928871,2928871
tt0450385,25000000,94679598,69679598
tt0795368,9000000,46,-8999954
tt0337978,110000000,383531464,273531464
tt0762114,35000000,69307224,34307224
tt0413099,175000000,173000000,-2000000
tt0418279,150000000,709709780,559709780
tt0374563,17000000,2626800,-14373200
tt0373889,150000000,938212738,788212738
tt0762107,85000000,186072214,101072214
tt0486655,70000000,135560026,65560026
tt0462538,75000000,527068851,452068851
tt0897361,12000000,9620399,-2379601
tt0481141,28000000,92601050,64601050
tt0440963,70000000,442824138,372824138
tt0796375,4000000,2426851,-1573149
tt0829482,20000000,121463226,101463226
tt0293564,140000000,258022233,118022233
tt0462396,67000000,25303038,-41696962
tt0815244,16500000,13620075,-2879925
tt0431197,70000000,86658558,16658558
tt0462244,6000000,18197398,12197398
tt0427392,80000000,15071514,-64928486
tt0499556,25000000,40452643,15452643
tt0489237,20000000,47738099,27738099
tt0373883,15000000,80253908,65253908
tt0804461,20000000,16974459,-3025541
tt0484111,15000000,20380,-14979620
tt0381849,55000000,70016220,15016220
tt0465602,39000000,26820641,-12179359
tt0783233,30000000,129266061,99266061
tt1032846,852510,1185783,333273
tt0912593,2000000,1431623,-568377
tt0476964,70000000,69766619,-233381
tt0478134,23000000,29541790,6541790
tt0405508,2200000,11502151,9302151
tt0466839,24000000,9576495,-14423505
tt0465436,4000000,46474,-3953526
tt0765443,51500000,55112356,3612356
tt0283503,8000000,458232,-7541768
tt0473188,22000000,413454,-21586546
tt0432021,45000000,148412065,103412065
tt0452625,25000000,59192128,34192128
tt0758758,15000000,56255142,41255142
tt0492956,22000000,147880543,125880543
tt0408839,60000000,127766650,67766650
tt0480242,25000000,68377859,43377859
tt0838221,16000000,24377151,8377151
tt0498399,21000000,54926886,33926886
tt0414055,55000000,74237563,19237563
tt0465538,25000000,92991835,67991835
tt0805564,12000000,11293663,-706337
tt0389722,30000000,75505973,45505973
tt0804522,27500000,24748670,-2751330
tt0469623,16000000,2849142,-13150858
tt0452623,19000000,34619699,15619699
tt0443680,30000000,14711793,-15288207
tt0360323,8000000,143451,-7856549
tt0880502,3800000,17804565,14004565
tt0906108,15000000,55184721,40184721
tt0890870,10000000,139352633,129352633
tt0765429,100000000,266465037,166465037
tt0389790,150000000,287594577,137594577
tt0292963,18000000,25005257,7005257
tt0401383,14000000,19777647,5777647
tt0477348,25000000,171600000,146600000
tt0496328,1000000,18479,-981521
tt0426931,25000000,66122026,41122026
tt0856052,3,4,1
tt0891527,35000000,63215872,28215872
tt0486583,100000000,97838349,-2161651
tt0442933,70000000,195735876,125735876
tt0484740,45000000,4607608,-40392392
tt0405336,17000000,374743,-16625257
tt0488478,4000000,7537453,3537453
tt0884328,18000000,57096190,39096190
tt0461770,85000000,340487652,255487652
tt0465494,24000000,99965753,75965753
tt0804516,8000000,7766240,-233760
tt1024943,9100000,37707444,28607444
tt0211933,86000000,14373825,-71626175
tt0385752,180000000,372234864,192234864
tt0480249,150000000,585349010,435349010
tt0952640,60000000,361366633,301366633
tt0368794,20000000,4001121,-15998879
tt0467406,7500000,231411584,223911584
tt0765120,10000000,21786738,11786738
tt0937237,5000000,782102,-4217898
tt0462579,900000,82701,-817299
tt0433398,1300000,639000,-661000
tt0825232,45000000,175372502,130372502
tt0419887,20000000,73276047,53276047
tt0408236,50000000,152000000,102000000
tt0465234,130000000,457363168,327363168
tt0469494,25000000,77208711,52208711
tt0472062,75000000,119000410,44000410
tt0758730,40000000,41797066,1797066
tt0841046,35000000,18317151,-16682849
tt0427309,15000000,30226144,15226144
tt0760329,40000000,103071443,63071443
tt0431308,30000000,156835339,126835339
tt0988595,30000000,160259319,130259319
tt0986264,2600000,28430000,25830000
tt0372873,70000000,53587404,-16412596
tt1038988,1500000,30448000,28948000
tt0780516,20000000,6819587,-13180413
tt1060277,25000000,170764026,145764026
tt0880578,35000000,32483410,-2516590
tt0462499,50000000,113244290,63244290
tt1073498,30000000,84646831,54646831
tt0406759,12000000,56309766,44309766
tt0780607,50000,249905,199905
tt0411477,85000000,160388063,75388063
tt0780536,15000000,34533783,19533783
tt0814666,2000000,111000,-1889000
tt0099817,7000000,9229401,2229401
tt0494652,35000000,43650785,8650785
tt0770752,70000000,111231041,41231041
tt0892375,15000000,22730842,7730842
tt0489099,85000000,222231186,137231186
tt0443274,40000000,151161491,111161491
tt0416236,90000000,162839667,72839667
tt1023481,23000000,150816700,127816700
tt0449994,8376800,13000000,4623200
tt0425413,10000000,33000000,23000000
tt0854678,1000000,274661,-725339
tt0443649,105000000,266000000,161000000
tt0200465,20000000,64822796,44822796
tt0483607,30000000,22211426,-7788574
tt0451079,85000000,297138014,212138014
tt0808279,15000000,7938872,-7061128
tt0416044,18000000,26527510,8527510
tt0811138,62000000,41819064,-20180936
tt0848557,2000000,5364858,3364858
tt0466816,8000000,60641,-7939359
tt0902272,3500000,5231128,1731128
tt0486674,25000000,6673422,-18326578
tt0107953,2000000,54207,-1945793
tt0468569,185000000,1004558444,819558444
tt0914382,2500,15425,12925
tt1023111,20000000,41627431,21627431
tt0395119,24000000,23321954,-678046
tt0085764,300000,3952448,3652448
tt0478087,35000000,69823199,34823199
tt0858479,7000000,10569964,3569964
tt0379865,58000000,41299492,-16700508
tt0881200,16000000,34786960,18786960
tt0091757,40000000,1641825,-38358175
tt0489281,25000000,11207130,-13792870
tt0903627,6000000,1300000,-4700000
tt0410377,37000000,100076342,63076342
tt0800039,30000000,105173115,75173115
tt0426592,35000000,25871834,-9128166
tt0421073,20000000,65569869,45569869
tt0481536,12000000,43493123,31493123
tt0811080,120000000,93945766,-26054234
tt0865556,55000000,127906624,72906624
tt0437954,38000000,5410749,-32589251
tt0845046,4000000,6870249,2870249
tt0800240,25000000,17741298,-7258702
tt0871426,30000000,63833449,33833449
tt1091617,3500000,7700000,4200000
tt0371746,140000000,585174222,445174222
tt0866439,40000000,84601681,44601681
tt0281680,600000,1023156,423156
tt0936501,25000000,226830568,201830568
tt0942903,7000000,8900000,1900000
tt0790623,5000000,346592,-4653408
tt1033643,35000000,170000000,135000000
tt0499448,225000000,419651413,194651413
tt0884224,5000000,1296184,-3703816
tt0367882,185000000,786636033,601636033
tt1000774,65000000,415252786,350252786
tt0482606,9000000,82391145,73391145
tt0441773,130000000,631744560,501744560
tt0960144,90000000,201596308,111596308
tt0846040,5000000,6463286,1463286
tt0116118,5000000,42000000,37000000
tt0949731,60000000,163403799,103403799
tt0800080,150000000,163712074,13712074
tt0889588,40000000,7400000,-32600000
tt0910970,180000000,521311860,341311860
tt0493464,75000000,258270008,183270008
tt0448157,150000000,624029371,474029371
tt0433350,500000,220151,-279849
tt0425061,80000000,230685453,150685453
tt0019563,259000,921000,662000
tt0016473,103000,704000,601000
tt1082886,6000000,2899975,-3100025
tt0795421,52000000,609841637,557841637
tt1064932,11000000,53191886,42191886
tt0879843,5200000,14723313,9523313
tt0373051,45000000,101702060,56702060
tt0765476,60000000,50650079,-9349921
tt0472071,20000000,8380329,-11619671
tt0758742,20000000,27793200,7793200
tt0800241,15000000,5926410,-9073590
tt0482603,37000000,63800345,26800345
tt0409459,130000000,185258983,55258983
tt0838283,65000000,128107642,63107642
tt0412536,20000000,13204291,-6795709
tt0443701,30000000,68369434,38369434
tt0801526,700000,31576,-668424
tt0859163,145000000,401128639,256128639
tt1027862,21000000,17600000,-3400000
tt0805570,15000000,3533227,-11466773
tt0914797,5000000,4040588,-959412
tt0497465,15000000,96408652,81408652
tt0910936,27000000,101624843,74624843
tt0425637,80341000,127814609,47473609
tt1018785,27000000,44352417,17352417
tt0974554,13000000,14894347,1894347
tt0942385,92000000,188072649,96072649
tt1185834,8500000,68282844,59782844
tt0490181,8000000,2033165,-5966835
tt1185616,2000000,11125849,9125849
tt1139797,4000000,10785801,6785801
tt0452608,45000000,73762516,28762516
tt0852713,25000000,70442940,45442940
tt1031969,15000000,8762890,-6237110
tt0790686,35000000,72436439,37436439
tt0906665,3800000,2725258,-1074742
tt0887883,37000000,163720069,126720069
tt1213644,25000000,14109284,-10890716
tt0364970,70000000,72108608,2108608
tt0988047,22000000,23530831,1530831
tt0844671,7000000,6230276,-769724
tt0430770,16000000,50007546,34007546
tt0804507,3500000,54947,-3445053
tt0831887,60000000,39031337,-20968663
tt0814022,45000000,42487390,-2512610
tt0492619,79000,245000,166000
tt1034331,60000000,73174566,13174566
tt0947802,20000000,27640028,7640028
tt0859760,4002313,6,-4002307
tt0800308,20000000,20211394,211394
tt1046997,45000000,9323833,-35676167
tt1059786,80000000,178066569,98066569
tt0455538,27000000,17286299,-9713701
tt0981227,9000000,32973937,23973937
tt0307596,10000000,25800,-9974200
tt0758774,70000000,113280098,43280098
tt0970411,55000000,17869048,-37130952
tt0006333,200000,8000000,7800000
tt0467197,35000000,85416905,50416905
tt1007028,24000000,42105111,18105111
tt1175491,25100000,29506464,4406464
tt1046163,20000000,36620508,16620508
tt0416212,11000000,38105395,27105395
tt1190617,20000000,7000000,-13000000
tt1063669,7500000,19000000,11500000
tt1082868,12000000,40855419,28855419
tt0482572,30000000,31148328,1148328
tt0469903,40000000,9793496,-30206504
tt1032755,18000000,25739015,7739015
tt0479952,150000000,603900354,453900354
tt1101026,2000000,38135878,36135878
tt0861689,25000000,19844979,-5155021
tt0824747,55000000,113020255,58020255
tt0898367,32000000,27635305,-4364695
tt1010048,15000000,377910544,362910544
tt0830515,200000000,586090727,386090727
tt0430922,28000000,92380927,64380927
tt1130988,6000000,276891,-5723109
tt1132626,10800000,113857533,103057533
tt1135985,19000000,18755936,-244064
tt0887971,6000000,391410,-5608590
tt1014775,20000000,149281606,129281606
tt0455824,130000000,49554002,-80445998
tt0397892,150000000,309979994,159979994
tt1013753,20000000,54586584,34586584
tt1099212,37000000,392616625,355616625
tt1129442,30000000,108979549,78979549
tt0369436,80000000,163733697,83733697
tt0914798,12500000,20416563,7916563
tt0409345,3500000,1115493,-2384507
tt1129423,500000,33456317,32956317
tt0465502,25000000,30000000,5000000
tt0450314,20500000,10089373,-10410627
tt0970416,80000000,233093859,153093859
tt0918927,20000000,50907234,30907234
tt1205489,33000000,269958228,236958228
tt0976051,32000000,113019290,81019290
tt0814314,55000000,168167691,113167691
tt1125849,6000000,44703995,38703995
tt0421715,150000000,333932083,183932083
tt1068680,70000000,225990978,155990978
tt0985699,75000000,200276000,125276000
tt0960731,80000000,212874442,132874442
tt1024715,3000000,3830137,830137
tt0959337,35000000,75225693,40225693
tt0976247,6000000,69497,-5930503
tt0483756,4000000,333912,-3666088
tt1024255,20000000,21972336,1972336
tt1034303,32000000,51155219,19155219
tt0822832,60000000,244082376,184082376
tt0876563,41677699,187479518,145801819
tt1220719,11715578,21888598,10173020
tt0449487,25000000,2000000,-23000000
tt0420238,60000000,50877145,-9122855
tt0901476,30000000,114663461,84663461
tt1179891,15000000,100734718,85734718
tt0850253,8000000,908847,-7091153
tt0480669,2600000,553198,-2046802
tt0834001,35000000,91353501,56353501
tt0494238,60000000,57490374,-2509626
tt0464041,9750000,558000,-9192000
tt1114740,26000000,183293131,157293131
tt1139668,16000000,76514050,60514050
tt0462465,50000000,7033683,-42966317
tt0393329,4000000,907456,-3092544
tt1053859,5000000,38610009,33610009
tt0327597,60000000,124596398,64596398
tt0465580,38000000,45465299,7465299
tt0963178,50000000,60161391,10161391
tt1103275,12000000,3148182,-8851818
tt1001508,40000000,177259441,137259441
tt0785006,35000000,73034460,38034460
tt0489235,1500000,173066,-1326934
tt1201167,75000000,61458982,-13541018
tt0891592,50000000,12764201,-37235799
tt1176740,17000000,14899417,-2100583
tt1023490,7275000,11260366,3985366
tt0869994,19000000,23550000,4550000
tt0758746,19000000,91379051,72379051
tt0102802,18000000,11657385,-6342615
tt1227926,200000,3,-199997
tt1155056,41000000,91636986,50636986
tt1135487,78146652,60000000,-18146652
tt0448011,50000000,155446362,105446362
tt0785035,8500000,8936663,436663
tt1132620,13000000,104345682,91345682
tt0862846,5000000,16174377,11174377
tt0892782,175000000,381509870,206509870
tt1073241,11500000,186702,-11313298
tt0027040,280,831,551
tt1091722,9500000,17164377,7664377
tt1093908,40000000,108332743,68332743
tt1013752,85000000,363164265,278164265
tt1131729,50000000,36348784,-13651216
tt0974661,20000000,136267476,116267476
tt0361748,70000000,319131050,249131050
tt0473705,60000000,87784194,27784194
tt1121931,20000000,34560577,14560577
tt1182345,5000000,9760104,4760104
tt0962736,35000000,27409889,-7590111
tt0865554,18000000,382174,-17617826
tt0458525,150000000,373062864,223062864
tt1103982,1700000,1007962,-692038
tt0796366,150000000,385680446,235680446
tt1326972,80000000,121059225,41059225
tt1231277,4000000,4100000,100000
tt0393597,15000000,109000000,94000000
tt0924129,25000000,1037335,-23962665
tt0808151,150000000,356613439,206613439
tt0438488,200000000,371353001,171353001
tt1078912,150000000,413106170,263106170
tt0844286,20000000,5530764,-14469236
tt0821642,60000000,31720158,-28279842
tt0844708,15000000,32721635,17721635
tt1127180,30000000,90810892,60810892
tt1049413,175000000,735099082,560099082
tt1083456,20000000,18599102,-1400898
tt1119646,35000000,459270619,424270619
tt0870984,11000000,791867,-10208133
tt1230448,5750000,10000000,4250000
tt0479162,1000000,7202,-992798
tt1095174,8000000,29010817,21010817
tt1278340,800000,1984662,1184662
tt0457400,100000000,68688831,-31311169
tt1111422,100000000,150166126,50166126
tt1041829,40000000,317375031,277375031
tt0069976,1000000,2000000,1000000
tt1045778,60000000,62357900,2357900
tt0887912,15000000,42000000,27000000
tt1055369,150000000,836297228,686297228
tt1178663,15000000,35097815,20097815
tt1152836,80000000,214104620,134104620
tt1080016,90000000,886686817,796686817
tt0489244,3000000,1449945,-1550055
tt1078588,30000000,95714875,65714875
tt0475298,5000000,25900,-4974100
tt0242572,500000,500000,0
tt1022603,7500000,60722734,53222734
tt0972558,36500000,21834845,-14665155
tt0417741,250000000,933959197,683959197
tt0046969,66000,250000,184000
tt1054606,30000000,64352607,34352607
tt1179258,23000000,9366227,-13633773
tt1148204,20000000,41596251,21596251
tt1142988,38000000,205298907,167298907
tt0844479,3400000,114000000,110600000
tt0971209,14000000,22852638,8852638
tt0775552,45000000,57881056,12881056
tt1136608,30000000,210819611,180819611
tt1135503,40000000,129540499,89540499
tt1198138,20000000,73830340,53830340
tt1075417,50000000,106303988,56303988
tt1114677,35000000,155545279,120545279
tt1046173,175000000,302469017,127469017
tt1160368,20000000,17280326,-2719674
tt0093974,250000,154323,-95677
tt0452694,39000000,101229792,62229792
tt0976222,20000000,5210988,-14789012
tt1032815,18000000,15345201,-2654799
tt1331064,1000000,1296971,296971
tt0436339,150000000,292817841,142817841
tt0103962,40000000,8251071,-31748929
tt0964185,15000000,113221,-14886779
tt1172570,230000,2260712,2030712
tt0396707,12000000,7070330,-4929670
tt1142433,15000000,6405245,-8594755
tt0865559,17000000,20455276,3455276
tt1311067,15000000,39421467,24421467
tt0035884,855000,1200000,345000
tt1500516,700000,1179676,479676
tt1305806,2000000,33965843,31965843
tt0472033,30000000,48428063,18428063
tt1188729,33000000,20645327,-12354673
tt1234548,24000000,68729358,44729358
tt1131734,16000000,31556061,15556061
tt1130080,22000000,35424826,13424826
tt1225822,8000000,10848783,2848783
tt1144884,40000000,186167139,146167139
tt1034032,50000000,40828540,-9171460
tt0844471,100000000,242988466,142988466
tt0051380,88000,480000,392000
tt0858486,4000000,6101046,2101046
tt0899106,18000000,36133014,18133014
tt0810784,8500000,4440055,-4059945
tt1179904,15000,193355800,193340800
tt1262981,10000000,295750,-9704250
tt1232207,20000000,17436509,-2563491
tt1084972,75,134,59
tt1019452,7000000,31430334,24430334
tt1174730,6000000,6670712,670712
tt1172233,15000000,16633035,1633035
tt1058017,18500000,31912793,13412793
tt0986263,80000000,122444772,42444772
tt1156398,23600000,102391382,78791382
tt1018818,11500000,69564,-11430436
tt1232783,12500000,27206120,14706120
tt0365929,40000000,12206028,-27793972
tt1174732,7500000,26096852,18596852
tt0072761,970000,2000000,1030000
tt1078940,70000000,171844840,101844840
tt0881891,15000000,40105542,25105542
tt1093370,2300000,4600000,2300000
tt0386117,100000000,100086793,86793
tt1100119,40000000,28972508,-11027492
tt0808399,14700000,8049666,-6650334
tt1197624,53000000,126690726,73690726
tt1129445,40000000,19258519,-20741481
tt0978762,590235,1725381,1135146
tt1193138,25000000,163670000,138670000
tt1233227,11000000,68233629,57233629
tt0450405,40000000,28169671,-11830329
tt1300851,8000000,10629321,2629321
tt1190536,2900000,296557,-2603443
tt1228953,250000,232732,-17268
tt0475783,8,33579813,33579805
tt0375568,65000000,44091067,-20908933
tt0432283,40000000,46471023,6471023
tt0114697,6000000,5093707,-906293
tt0114108,28000000,3983912,-24016088
tt1067106,200000000,325233863,125233863
tt1054122,9000000,16000000,7000000
tt1190080,200000000,769653595,569653595
tt0362478,30000000,33333531,3333531
tt0120244,450,288,-162
tt1220198,10000000,42333295,32333295
tt0929632,10000000,47536959,37536959
tt1095217,25000000,10589102,-14410898
tt1259571,50000000,709827462,659827462
tt0790712,6500000,1521261,-4978739
tt1186367,40000000,60462347,20462347
tt1337051,1089360,48298,-1041062
tt1242422,5700000,19300483,13600483
tt0765010,26000000,43318349,17318349
tt0804529,2500000,107559,-2392441
tt0878804,29000000,309208309,280208309
tt0976238,35000000,92219310,57219310
tt0762125,70000000,104945765,34945765
tt1175506,25000000,2336172,-22663828
tt1186366,3600000,766075,-2833925
tt0380510,65000000,93525586,28525586
tt1057500,60000000,122233971,62233971
tt0780521,105000000,267045765,162045765
tt0913354,20000000,22942221,2942221
tt0091276,12000000,4884663,-7115337
tt1314228,58000000,85280250,27280250
tt1527679,15000,5300,-9700
tt0499549,237000000,2787965087,2550965087
tt0875034,80000000,53825515,-26174485
tt1230414,85000000,219103655,134103655
tt0988045,90000000,524028679,434028679
tt1263670,7000000,39462438,32462438
tt1231580,75000000,443140005,368140005
tt0499375,4700000,31000000,26300000
tt1183251,25000000,4388563,-20611437
tt0049875,4000000,14400000,10400000
tt1226681,1500000,32000,-1468000
tt0944114,1400000,435000,-965000
tt0433362,20000000,51416464,31416464
tt1028532,16000000,47801389,31801389
tt1216492,19000000,29922472,10922472
tt1037705,80000000,157107755,77107755
tt1343097,4000000,43498108,39498108
tt0892767,20000000,1017401,-18982599
tt1244668,5000000,17872796,12872796
tt0085694,425000,10604986,10179986
tt0974613,15000000,1143856,-13856144
tt0463872,97250400,132900000,35649600
tt1187043,9000000,70000000,61000000
tt1038686,26000000,67918658,41918658
tt1170391,1500000,56000,-1444000
tt0439182,250000,245000,-5000
tt1244659,31000000,15134293,-15865707
tt0365675,18000000,40239,-17959761
tt1226273,80000000,74901339,-5098661
tt1045772,13000000,10652035,-2347965
tt1232776,3000000,2357852,-642148
tt0165546,10000,150000,140000
tt0817230,52000000,216485654,164485654
tt1130884,80000000,294804195,214804195
tt1235796,12000000,1644755,-10355245
tt0814255,95000000,226497209,131497209
tt1385867,30000000,55583804,25583804
tt1139328,45000000,60222298,15222298
tt1273678,28000000,45236543,17236543
tt1220628,7000000,1429299,-5570701
tt1186830,70000000,39041505,-30958495
tt1146325,14000000,25000000,11000000
tt1247640,15000000,8786375,-6213625
tt0455407,20000000,54956140,34956140
tt0989757,25000000,114977104,89977104
tt0808510,48000000,112462508,64462508
tt1245112,5600000,18469680,12869680
tt1188996,12000000,42345360,30345360
tt1014759,200000000,1025491110,825491110
tt0947810,100000000,94882889,-5117111
tt0058085,19000000,4750000,-14250000
tt1179034,52000000,52826594,826594
tt1210042,17000000,29536299,12536299
tt0815236,20000000,49779728,29779728
tt1289406,7300000,10329747,3029747
tt1403981,16000000,56032889,40032889
tt1305583,14000000,21409028,7409028
tt1038919,40000000,136000000,96000000
tt1151359,9000000,985117,-8014883
tt1247704,3000000,18097,-2981903
tt0330691,2600000,1479042,-1120958
tt0046949,5000000,15000000,10000000
tt1053424,32000000,18409891,-13590109
tt0795351,27000000,29000000,2000000
tt1231587,36000000,64572262,28572262
tt1352824,15000000,8459458,-6540542
tt0016884,373000,658000,285000
tt1216496,5000000,17112713,12112713
tt0892769,165000000,494878759,329878759
tt1288403,14000000,875386,-13124614
tt1149361,33000000,14000000,-19000000
tt0800320,125000000,232713139,107713139
tt1303828,3500000,44462,-3455538
tt1250777,28000000,96188903,68188903
tt1279935,55000000,152263880,97263880
tt0838247,4500000,3606395,-893605
tt1017451,10000000,2995811,-7004189
tt0087981,5500000,801000,-4699000
tt0022879,4,25,21
tt1321509,21000000,49050886,28050886
tt0862467,5641880,30638,-5611242
tt1196141,15000000,75700498,60700498
tt1124052,12000000,10652498,-1347502
tt0480255,25000000,23580000,-1420000
tt0970452,45000000,7810000,-37190000
tt1228705,200000000,623933331,423933331
tt1392197,50000000,83761844,33761844
tt1470023,10000000,6110000,-3890000
tt1106860,7000000,46488,-6953512
tt1179056,35000000,115664037,80664037
tt1341167,967686,4270000,3302314
tt0492389,35000000,39340177,4340177
tt1379177,800000,867714,67714
tt0955308,200000000,310669540,110669540
tt1480660,100000,1000000,900000
tt1120985,3500000,16566240,13066240
tt1103153,75000000,98159963,23159963
tt1462758,1987650,19152480,17164830
tt0473075,150000000,335154643,185154643
tt1261945,100000000,288347692,188347692
tt1226229,40000000,90029656,50029656
tt1212436,35000000,77477008,42477008
tt0887745,9000000,706000,-8294000
tt1075747,47000000,10539000,-36461000
tt0429493,110000000,177238796,67238796
tt0435761,200000000,1066969703,866969703
tt1399683,2000000,13831503,11831503
tt0892791,165000000,752600867,587600867
tt1325004,68000000,698491347,630491347
tt1294213,15000000,5024782,-9975218
tt1191111,13000000,754249,-12245751
tt0938283,150000000,318502923,168502923
tt1424381,40000000,126248813,86248813
tt1323594,69000000,543513985,474513985
tt1375666,160000000,825532764,665532764
tt1375670,80000000,271430189,191430189
tt0963966,150000000,215283742,65283742
tt1013743,117000000,261930431,144930431
tt1155076,40000000,357852395,317852395
tt0954990,15000000,317000,-14683000
tt0842926,3500000,34705850,31205850
tt0944835,110000000,293329073,183329073
tt0485947,47000000,3547209,-43452791
tt0047494,4500000,3200000,-1300000
tt0427152,69000000,86387857,17387857
tt1415283,35000000,93246388,58246388
tt1386932,12902809,36000000,23097191
tt1438254,44000000,48190704,4190704
tt1386588,100000000,170432927,70432927
tt0034902,322000,1040000,718000
tt1320253,80000000,274470394,194470394
tt0446029,60000000,47664559,-12335441
tt1313092,5000000,1000000,-4000000
tt1020558,12000000,6814789,-5185211
tt0808526,4500000,744816,-3755184
tt0464154,24000000,83188165,59188165
tt1179025,25000000,34100000,9100000
tt1285309,10000000,7022728,-2977272
tt0093067,5000000,125400,-4874600
tt0411951,30000000,967000,-29033000
tt0381442,823258,823258,0
tt1320244,1800000,67738090,65938090
tt1440728,20000000,65464324,45464324
tt0889573,19000000,49830607,30830607
tt0903943,1000000,57,-999943
tt0985694,20000000,31327899,11327899
tt1193631,30000000,159291809,129291809
tt1322312,32000000,42045846,10045846
tt1666186,20000000,80547866,60547866
tt1220634,60000000,300228084,240228084
tt1285016,40000000,224920315,184920315
tt0840361,37000000,154026136,117026136
tt1282140,8000000,74952305,66952305
tt0879870,60000000,204594016,144594016
tt1049402,30000,617000,587000
tt0817177,14000000,1755212,-12244788
tt1027718,70000000,134748021,64748021
tt1219342,80000000,140073390,60073390
tt1287468,85000000,112483764,27483764
tt0804497,8000000,6491240,-1508760
tt1276105,3800000,111731,-3688269
tt0374271,1,2,1
tt1228987,20000000,24145613,4145613
tt1028576,35000000,60251371,25251371
tt1314655,10000000,33583175,23583175
tt1414382,20000000,32005248,12005248
tt1055292,38000000,105610124,67610124
tt1584016,30000,3045943,3015943
tt1423995,22000000,9479718,-12520282
tt1645089,2000000,7871522,5871522
tt1470827,500000,4242978,3742978
tt1244754,12500000,6732980,-5767020
tt1107319,4000000,55125,-3944875
tt1148165,7,7,0
tt1334260,15000000,9455232,-5544768
tt0775489,18000000,5602431,-12397569
tt1447508,2270000,6900000,4630000
tt1612774,500000,98017,-401983
tt1179069,22000000,851517,-21148483
tt1116184,20000000,117224271,97224271
tt1245526,58000000,71664962,13664962
tt0872230,25000000,19829957,-5170043
tt0435528,12000000,5285197,-6714803
tt1465487,8700000,47355187,38655187
tt1588337,4000000,41424067,37424067
tt1536044,3000000,177512032,174512032
tt1212419,50000000,105197635,55197635
tt1477076,20000000,136150434,116150434
tt1231583,65000000,211780824,146780824
tt1542344,18000000,35692920,17692920
tt1001526,130000000,321887208,191887208
tt0947798,13000000,327803731,314803731
tt0977855,22000000,24188922,2188922
tt0477080,100000000,167805466,67805466
tt1126618,40000000,58785180,18785180
tt1458175,30000000,51148651,21148651
tt1235189,8000000,3453043,-4546957
tt1321865,18000000,871279,-17128721
tt0926084,250000000,954305868,704305868
tt1504320,15000000,414211549,399211549
tt0398286,260000000,591794936,331794936
tt0964517,25000000,93617009,68617009
tt1403988,4500000,123820,-4376180
tt1361313,7000000,453079,-6546921
tt1194417,12500000,1083683,-11416317
tt1213648,25000000,4644108,-20355892
tt1564585,10000000,66821036,56821036
tt1152398,17000000,43165571,26165571
tt0758752,30000000,102820008,72820008
tt0980970,155000000,415686217,260686217
tt1570989,65000,416498,351498
tt1243957,100000000,278731369,178731369
tt1270835,2500000,52604,-2447396
tt1456941,27000000,16504936,-10495064
tt1403865,38000000,252276927,214276927
tt1104001,170000000,400062763,230062763
tt1431181,8000000,18124262,10124262
tt1341188,120000000,48668907,-71331093
tt1423894,30000000,8454301,-21545699
tt1172991,15000000,4882577,-10117423
tt1433108,24000000,23081726,-918274
tt0935075,5000000,5129058,129058
tt0970866,100000000,310650585,210650585
tt1320261,112000000,237382724,125382724
tt1572491,7000000,3218666,-3781334
tt1071812,25000000,20719451,-4280549
tt1126591,55000000,89519773,34519773
tt1568921,37000000,145570827,108570827
tt1465522,5000000,5476793,476793
tt1302067,80000000,201584141,121584141
tt1268204,1500000,187716,-1312284
tt1294688,7000000,7644937,644937
tt0990407,120000000,227817248,107817248
tt1023114,30000000,20348249,-9651751
tt1032751,42000000,11087569,-30912431
tt1166100,9100000,76000000,66900000
tt0479997,40000000,88100000,48100000
tt1172060,11000000,15500000,4500000
tt0409847,163000000,174822325,11822325
tt1578275,70000000,67112664,-2887336
tt0027690,1119000,2019000,900000
tt1219289,27000000,161849455,134849455
tt1242432,2000000,572809,-1427191
tt1411238,25000000,147780440,122780440
tt1189340,40000000,85412898,45412898
tt1161864,37000000,96047633,59047633
tt0073317,13000000,24441725,11441725
tt0893412,93,2500000,2499907
tt1555064,15000000,20529194,5529194
tt1401152,30000000,130786397,100786397
tt0881320,30000000,108609310,78609310
tt0377981,36000000,189712432,153712432
tt1320239,10000000,4349187,-5650813
tt1452628,10000000,1068682,-8931318
tt1092026,40000000,97552050,57552050
tt0072665,6000000,1500000,-4500000
tt1502404,50000000,28931401,-21068599
tt1192628,135000000,245724603,110724603
tt0810922,19000000,6928068,-12071932
tt1385826,50200000,127869379,77669379
tt0472399,40000000,51070807,11070807
tt0480687,36000000,83160734,47160734
tt1034389,25000000,27122040,2122040
tt1464540,50000000,144492830,94492830
tt1587729,10400000,20967660,10567660
tt1217613,70000000,202466756,132466756
tt0016104,592,1,-591
tt1210071,10000000,9069,-9990931
tt1305591,150000000,38992758,-111007242
tt1569364,15000000,21500000,6500000
tt1564367,80000000,214918407,134918407
tt1486185,42000000,89162162,47162162
tt1464174,32000000,83615414,51615414
tt1512235,2500000,324138,-2175862
tt1740707,3500000,4159678,659678
tt0945513,32000000,147332697,115332697
tt0978764,82000000,89792502,7792502
tt1487118,8000000,1749457,-6250543
tt1454523,6000000,3770657,-2229343
tt1591095,1500000,97009150,95509150
tt1640459,3000000,748453,-2251547
tt1606392,10831173,10654385,-176788
tt1037163,6500000,753808,-5746192
tt1560139,3,43,40
tt1650043,21000000,72417394,51417394
tt1220888,12000000,204940,-11795060
tt1411704,63000000,183953723,120953723
tt0107719,19000000,2119994,-16880006
tt1436045,6000000,17555141,11555141
tt0993842,30000000,63782078,33782078
tt1648112,1500000,8786756,7286756
tt1437366,3000000,4800080,1800080
tt1334512,40000000,45735397,5735397
tt1262416,40000000,97138686,57138686
tt1436562,90000000,484635760,394635760
tt1599975,14734000,6775121,-7958879
tt1527186,7400000,21817298,14417298
tt0800369,150000000,449326618,299326618
tt0480239,15000000,4627375,-10372625
tt1529235,4000000,65584679,61584679
tt1067583,38000000,114156230,76156230
tt1596343,125000000,626137675,501137675
tt1339161,3900000,208475,-3691525
tt1255953,6800000,7103838,303838
tt1596346,18000000,47088990,29088990
tt0491152,35000000,59901913,24901913
tt1478338,32500000,288383523,255883523
tt0822847,60000000,78309131,18309131
tt0465407,2500000,71904,-2428096
tt1321860,21000000,970816,-20029184
tt1298650,380000000,1045713802,665713802
tt1605783,30000000,151119219,121119219
tt0478304,32000000,54674226,22674226
tt1411697,80000000,254455986,174455986
tt1695994,2000000,563706,-1436294
tt1440266,4317946,14624826,10306880
tt1265990,16000000,40492759,24492759
tt1529572,9500000,120000,-9380000
tt1139282,2000000,7306,-1992694
tt1379222,3906840,4300000,393160
tt1478964,14350531,3964682,-10385849
tt1302011,150000000,665692281,515692281
tt1270798,160000000,353624124,193624124
tt1032825,30000000,102000000,72000000
tt1531663,5000000,2614773,-2385227
tt1532503,3200000,5332926,2132926
tt1650062,50000000,260095987,210095987
tt1133985,200000000,219851172,19851172
tt1396218,55000000,187361754,132361754
tt1284575,20000000,216197492,196197492
tt1391137,20000000,60072596,40072596
tt1399103,195000000,1123746996,928746996
tt1583420,30000000,36160375,6160375
tt1240982,49900000,26121638,-23778362
tt1547230,20000000,14166853,-5833147
tt1135084,32000000,69055695,37055695
tt1222817,80000000,169852759,89852759
tt1499658,35000000,117000000,82000000
tt1216475,200000000,559852396,359852396
tt0019195,337,551,214
tt1369706,10000000,498974,-9501026
tt1934231,4090000,18035000,13945000
tt1067774,20000000,17425000,-2575000
tt1201607,125000000,1342000000,1217000000
tt0780504,15000000,78054825,63054825
tt1541995,134005,1332231,1198226
tt0458339,140000000,370569774,230569774
tt1570728,50000000,142851197,92851197
tt1563738,15000000,59389433,44389433
tt1540133,6000000,19560274,13560274
tt1449283,30000000,14460000,-15540000
tt0066773,410000,100,-409900
tt0472181,110000000,563749323,453749323
tt1013860,20000000,4634062,-15365938
tt1632708,35000000,150483765,115483765
tt1213012,20000000,39300000,19300000
tt0106684,10000000,18,-9999982
tt1297919,15774948,741875,-15033073
tt1637706,10000000,17273593,7273593
tt1185344,9000000,771499,-8228501
tt1441956,3837625,3867000,29375
tt1318514,93000000,482860185,389860185
tt1488555,52000000,75450437,23450437
tt1454029,25000000,124272124,99272124
tt1622547,28000000,40547440,12547440
tt1922612,9000000,18663238,9663238
tt1622979,47000000,157887643,110887643
tt0968264,25000000,15478800,-9521200
tt1268799,19000000,35387212,16387212
tt1405810,7000000,8220215,1220215
tt1517489,27000000,85564310,58564310
tt0040597,784170,834332,50162
tt1270761,25000000,36993168,11993168
tt1438176,17000000,24922237,7922237
tt1549572,100000,1776935,1676935
tt1403177,7000000,382946,-6617054
tt1464580,650000,33245,-616755
tt1226753,20000000,45636368,25636368
tt1657507,40000000,60965854,20965854
tt1152822,3000000,103735,-2896265
tt1189073,13000000,5774854,-7225146
tt0816462,90000000,48795021,-41204979
tt1604171,8000000,10130000,2130000
tt0873886,4000000,1104682,-2895318
tt1554091,10000000,1759252,-8240748
tt1742650,24000000,30551495,6551495
tt1633356,28000000,10126458,-17873542
tt1598778,60000000,137551594,77551594
tt0999913,25000000,10324441,-14675559
tt1210166,50000000,110206216,60206216
tt1498569,8000000,163265,-7836735
tt0848228,220000000,1519557910,1299557910
tt1571222,15000000,27462041,12462041
tt1291584,25000000,23057115,-1942885
tt1124035,12500000,75993061,63493061
tt1788391,500000,171760,-328240
tt1448755,66000000,57777106,-8222894
tt1602476,6250000,8500000,2250000
tt1242599,17000,101236,84236
tt1306980,8000000,39187783,31187783
tt1655442,15000000,133432856,118432856
tt1305797,26400000,62000000,35600000
tt1675192,5000000,3099314,-1900686
tt1504319,5000000,27046,-4972954
tt1613062,4000000,253899,-3746101
tt0433035,110000000,299268508,189268508
tt1068242,24000000,63543328,39543328
tt0905372,35000000,28128670,-6871330
tt1242460,7000000,6038942,-961058
tt1509767,75000000,132274484,57274484
tt1637688,40000000,173930596,133930596
tt0466893,14000000,46495,-13953505
tt1692486,25000000,27603069,2603069
tt1615147,3500000,19504039,16004039
tt1778304,5000000,205703818,200703818
tt1634122,45000000,160078586,115078586
tt1600195,35000000,82087155,47087155
tt1440345,25000000,11790979,-13209021
tt1723811,6500000,17693675,11193675
tt0770703,20000000,30426096,10426096
tt1462041,50000000,38502340,-11497660
tt1308138,12000000,13380561,1380561
tt1586752,30000000,2527904,-27472096
tt1521197,30000000,15395087,-14604913
tt0471042,75000000,152930623,77930623
tt1616195,35000000,84606030,49606030
tt1646980,17000000,3696232,-13303768
tt0983193,130000000,371940071,241940071
tt0970179,170000000,185770160,15770160
tt1562568,2000000,841733,-1158267
tt1674784,36000000,9612469,-26387531
tt1253864,75000000,226904017,151904017
tt0810913,79000000,149673788,70673788
tt1270262,19100000,5728213,-13371787
tt1748197,20000000,2128186,-17871814
tt1719071,4000000,355688,-3644312
tt1533749,29000000,33662874,4662874
tt1181614,8000000,100915,-7899085
tt1033575,20000000,177243185,157243185
tt1758692,250000,3542353,3292353
tt1204342,45000000,165184237,120184237
tt1324999,110000000,712171856,602171856
tt1568911,66000000,177584879,111584879
tt0376136,45000000,24000000,-21000000
tt1655420,6400000,35057696,28657696
tt1714210,8000,484592,476592
tt1948150,3062000,25034000,21972000
tt1091229,10500000,9400000,-1100000
tt1239426,15000000,16810383,1810383
tt1668200,10000000,17511906,7511906
tt1366344,25000000,34942188,9942188
tt0477302,40000000,55247881,15247881
tt1640548,12000000,972512,-11027488
tt1402488,130000000,150406466,20406466
tt0473102,12500000,3878993,-8621007
tt1541160,5000000,3142154,-1857846
tt1308729,55000000,9489829,-45510171
tt1764651,100000000,312573423,212573423
tt0036628,2361000,6892000,4531000
tt1392170,75000000,691210692,616210692
tt1345836,250000000,1084939099,834939099
tt1194173,130000000,276572938,146572938
tt1515091,125000000,334615000,209615000
tt1687247,45202,225861,180659
tt1372686,7700000,1072602,-6627398
tt1625346,12000000,22939027,10939027
tt1598822,56000000,142044638,86044638
tt1229238,145000000,694713380,549713380
tt1389137,50000000,120081841,70081841
tt1568346,90000000,232617430,142617430
tt1093357,30000000,64626786,34626786
tt1615918,75000000,342695435,267695435
tt1602098,8000000,5634828,-2365172
tt1714209,10000000,303877,-9696123
tt1560985,1000000,101758490,100758490
tt1524137,25000000,63100000,38100000
tt1564349,37000000,95404397,58404397
tt1007029,13000000,114956699,101956699
tt1535616,3000000,22000,-2978000
tt1496025,70000000,160112671,90112671
tt1601913,25000000,77278331,52278331
tt1568338,42000000,46221189,4221189
tt1506999,23000000,33372606,10372606
tt1772240,5000000,25562924,20562924
tt1214962,17000000,12355798,-4644202
tt0485985,58000000,50365377,-7634623
tt1410063,94000000,95311434,1311434
tt1675434,13000000,426480871,413480871
tt1598828,40000000,36893721,-3106279
tt1536048,15000000,868439,-14131561
tt1594562,750000,78396,-671604
tt1430615,40000000,24719215,-15280785
tt1782568,5000000,22772019,17772019
tt1123373,13000000,51723285,38723285
tt1706593,15000000,145000000,130000000
tt1596365,17000000,127730736,110730736
tt1605769,11000000,807535,-10192465
tt1599348,85000000,208076205,123076205
tt1606389,30000000,196114570,166114570
tt2112999,250000,1000000,750000
tt1996264,850000,1243961,393961
tt1397514,79000000,355692760,276692760
tt1651118,2000000,393816,-1606184
tt1700258,5650000,43000000,37350000
tt1403130,23000000,5837674,-17162326
tt0795441,4000000,530048,-3469952
tt1071875,57000000,149217355,92217355
tt1630036,1000000,34522221,33522221
tt1636826,12000000,100000000,88000000
tt1482459,70000000,348840316,278840316
tt1053810,41000000,7448385,-33551615
tt1591479,12000000,81272766,69272766
tt1596350,65000000,156974557,91974557
tt0401729,260000000,284139100,24139100
tt1687901,4798235,209696,-4588539
tt1535970,10000000,610986,-9389014
tt1232829,42000000,201585328,159585328
tt1588334,10000000,4417580,-5582420
tt1592525,20000000,32204030,12204030
tt1422136,4000000,25345000,21345000
tt1477109,12000000,11212294,-787706
tt1441952,5000000,34564651,29564651
tt1646987,150000000,301000000,151000000
tt1034314,7500000,8135031,635031
tt1605630,50000000,234989584,184989584
tt1899353,1100000,4105187,3005187
tt1259521,30000000,66486080,36486080
tt1726589,930000,30905,-899095
tt1767382,2000000,13101672,11101672
tt0383010,30000000,54819301,24819301
tt1486192,26000000,29657751,3657751
tt1667353,85000000,183018522,98018522
tt1440129,209000000,303025485,94025485
tt1412386,10000000,136836156,126836156
tt1195478,30000000,53909751,23909751
tt1621045,12000000,96070507,84070507
tt1327194,25000000,99357138,74357138
tt1094241,6400000,2556911,-3843089
tt1656190,30000000,40346186,10346186
tt1640484,6600000,37710610,31110610
tt1077368,150000000,245527149,95527149
tt1645170,65000000,179379533,114379533
tt1409024,225000000,624026776,399026776
tt1735898,170000000,396600000,226600000
tt1663321,12000000,1428291,-10571709
tt1430626,60000000,118338361,58338361
tt1446714,130000000,403170142,273170142
tt1704573,5000000,9206470,4206470
tt1196340,10000000,55089,-9944911
tt1655460,35000000,24159934,-10840066
tt1748122,16000000,68263166,52263166
tt1821480,1200000,16000000,14800000
tt1486193,20000000,17479,-19982521
tt1640711,12468389,29007412,16539023
tt1480656,20500000,6063556,-14436444
tt0763831,40000000,22044277,-17955723
tt0119579,14000000,161001698,147001698
tt1862079,750000,4007792,3257792
tt1277953,145000000,746921274,601921274
tt1742336,125000,3200000,3075000
tt1217209,185000000,538983207,353983207
tt1440732,9000000,8303261,-696739
tt1586265,40000000,79700000,39700000
tt1859650,17000000,73244881,56244881
tt1611224,69000000,112265139,43265139
tt1514041,4600000,1163967,-3436033
tt1566501,12000000,9622846,-2377154
tt1336608,75000000,59418613,-15581387
tt1307068,10000000,9636289,-363711
tt1637725,50000000,549368315,499368315
tt1915581,7000000,167221571,160221571
tt0337692,25000000,8784318,-16215682
tt0948470,215000000,752215857,537215857
tt1667889,95000000,877244782,782244782
tt2125435,1800000,21107746,19307746
tt1716777,16000000,12434778,-3565222
tt1615065,45000000,82966152,37966152
tt1298649,68000000,68267862,267862
tt1602472,8000000,1653792,-6346208
tt1726669,10000000,3665069,-6334931
tt1386703,125000000,198802074,73802074
tt1436559,1,1378,1377
tt1074638,200000000,1108561013,908561013
tt1535438,30000000,114281051,84281051
tt1623288,60000000,107139399,47139399
tt2023453,22000000,77112176,55112176
tt2025526,8000000,49000000,41000000
tt2097307,2000000,14400000,12400000
tt1547234,35000000,31083599,-3916401
tt1212450,26000000,53676580,27676580
tt1714203,5000000,8493728,3493728
tt1603257,3000000,3010,-2996990
tt0431021,14000000,85446075,71446075
tt1440232,25000000,48531470,23531470
tt1433822,17000000,9627492,-7372508
tt1920849,3000000,11947954,8947954
tt1840417,6000000,13231461,7231461
tt1981677,17000000,115350426,98350426
tt1366365,20000000,16863583,-3136417
tt1276104,30000000,47042000,17042000
tt1232200,70000000,58058367,-11941633
tt1990314,2500000,3325038,825038
tt1855325,65000000,240159255,175159255
tt1560747,32000000,28258060,-3741940
tt1343727,50000000,41037742,-8962258
tt1764183,12000000,35485056,23485056
tt1855199,7000000,48126384,41126384
tt1659337,13000000,33400000,20400000
tt2106476,3800000,16800000,13000000
tt1510907,250000,23859,-226141
tt1753722,2000000,1620436,-379564
tt1876451,14000000,24637469,10637469
tt1748179,14000000,13551174,-448826
tt1397280,45000000,376141306,331141306
tt1496422,12500000,1353868,-11146132
tt1276419,8000000,7594693,-405307
tt1582507,6900000,44287131,37387131
tt2247692,2500000,33400000,30900000
tt1650048,9500000,12250,-9487750
tt0025617,947000,1120000,173000
tt2053425,15400000,25762027,10362027
tt2215719,12000000,32726956,20726956
tt1142977,39000000,35287788,-3712212
tt1922777,3000000,77712439,74712439
tt0837562,85000000,358375603,273375603
tt1024648,44500000,232324128,187824128
tt1931533,15000000,19422261,4422261
tt0844993,30000000,13521829,-16478171
tt1954470,1400000,4100000,2700000
tt2109184,5000000,142817992,137817992
tt1712170,45000000,30353232,-14646768
tt1371111,102000000,130482868,28482868
tt0938330,20000000,52302796,32302796
tt0981042,2500000,352810,-2147190
tt1764234,15000000,37930465,22930465
tt1866249,1000000,9138338,8138338
tt2063781,500000,376597,-123403
tt1772341,165000000,471222889,306222889
tt0084268,17000000,946461,-16053539
tt1045658,21000000,205738714,184738714
tt1907668,31000000,161772375,130772375
tt0454876,120000000,609016565,489016565
tt1258972,15000000,15608545,608545
tt1683921,2500000,3358,-2496642
tt1656186,35000000,2106557,-32893443
tt1602620,8900000,29844753,20944753
tt1291549,5000000,31649,-4968351
tt0443272,65000000,275293450,210293450
tt1673434,120000000,829000000,709000000
tt1234719,65000000,44806783,-20193217
tt1446192,145000000,306941670,161941670
tt1667310,12000000,66351,-11933649
tt1531901,10000000,89237,-9910763
tt1800741,33000000,140470746,107470746
tt1772230,30000000,108348,-29891652
tt0903624,250000000,1021103568,771103568
tt1132449,26350000,1576687,-24773313
tt1954352,13000000,1832541,-11167459
tt1934269,500000,116207,-383793
tt2082197,4437508,2804874,-1632634
tt1790885,40000000,132820716,92820716
tt1925431,20000000,4636169,-15363831
tt1588173,35000000,116980662,81980662
tt1694020,40000000,41863726,1863726
tt0790724,60000000,218340595,158340595
tt1853728,100000000,425368238,325368238
tt1758830,35000000,88058786,53058786
tt1649419,42000000,180274123,138274123
tt1707386,61000000,441809770,380809770
tt1230215,20000000,610792,-19389208
tt1441951,11000000,59520298,48520298
tt1447972,5773100,18144030,12370930
tt1047540,25000000,119772232,94772232
tt2091473,15000000,8138788,-6861212
tt0857190,3730500,6294161,2563661
tt2181931,2840000,11620000,8780000
tt1572315,20000000,47241945,27241945
tt1321870,60000000,105200903,45200903
tt1867093,12000000,2521,-11997479
tt1491044,20000000,1969193,-18030807
tt2243537,2500000,60141683,57641683
tt2023587,15000000,146497771,131497771
tt2084989,100000,444098,344098
tt1235522,56000000,19701164,-36298836
tt1770734,6300000,419953,-5880047
tt1937339,3550000,48000000,44450000
tt1333125,6000000,32438988,26438988
tt1904996,35000000,46216641,11216641
tt1428538,50000000,224803475,174803475
tt1584131,13400000,16700000,3300000
tt1869716,6500000,2401510,-4098490
tt2035599,900000,25000,-875000
tt1374992,60000000,8106475,-51893525
tt2053463,30000000,63372757,33372757
tt2024432,35000000,173965010,138965010
tt1559547,60000000,60052138,52138
tt1606378,92000000,304654182,212654182
tt1711425,13000000,48065672,35065672
tt1702439,28000000,97594140,69594140
tt1549589,4000000,911466,-3088534
tt2375605,1000000,444575,-555425
tt1659343,11500000,1402307,-10097693
tt0765446,40000000,74597643,34597643
tt2209418,3000000,11176469,8176469
tt0882977,35000000,42930462,7930462
tt2387433,3500000,25174316,21674316
tt1954701,300000,2750275,2450275
tt1351685,195000000,197687603,2687603
tt2034139,5000000,15179302,10179302
tt1583421,130000000,371876278,241876278
tt1682180,12000000,12077441,77441
tt1922685,10000000,1034589,-8965411
tt1623205,200000000,491868548,291868548
tt0481499,135000000,585178928,450178928
tt1781784,225000,111300,-113700
tt0790628,30000000,27437881,-2562119
tt2101441,5000000,31724284,26724284
tt2243389,5000000,11724119,6724119
tt1911644,13000000,68572378,55572378
tt2302755,70000000,161025640,91025640
tt1817273,15000000,35485608,20485608
tt1517260,44000000,63327201,19327201
tt1582271,6000000,5206,-5994794
tt1814621,13000000,18000000,5000000
tt0222012,3900000,4900000,1000000
tt1288558,17000000,97542952,80542952
tt1924429,20000000,24261569,4261569
tt1684233,8500000,9747,-8490253
tt0204350,1200000,1404,-1198596
tt1483013,120000000,286168572,166168572
tt1507563,25000000,432274,-24567726
tt0453562,40000000,95020213,55020213
tt1854236,5500000,10016934,4516934
tt1433811,10000000,3428048,-6571952
tt0795461,20000000,78378744,58378744
tt1980209,25000000,86175291,61175291
tt2051894,1200000,2861020,1661020
tt1462900,3860000,64076736,60216736
tt1245492,32000000,126041322,94041322
tt1300854,200000000,1215439994,1015439994
tt1542482,6200000,4820000,-1380000
tt1701210,40000000,5446000,-34554000
tt1935179,10000000,21587700,11587700
tt1566637,180000,175742,-4258
tt1945062,2500000,3003,-2496997
tt1343092,105000000,351040419,246040419
tt1408101,190000000,467365246,277365246
tt2234155,58000000,44000000,-14000000
tt1602613,4800000,10337387,5537387
tt1951261,103000000,362000072,259000072
tt1905041,160000000,788679850,628679850
tt0848537,100000000,268426634,168426634
tt2404461,11000000,10631747,-368253
tt1489167,31192,10000,-21192
tt1731697,1500000,1165882,-334118
tt1291580,23000000,15600000,-7400000
tt1780762,2000000,58510,-1941490
tt1815862,130000000,243843127,113843127
tt1670345,75000000,117698894,42698894
tt1426329,10000000,1585582,-8414418
tt1656192,10000000,10759,-9989241
tt1857842,500000,1000000,500000
tt1727388,4600000,23198652,18598652
tt0770828,225000000,662845518,437845518
tt1931435,35000000,21819348,-13180652
tt2184339,3000000,89328627,86328627
tt2132285,15000000,19145732,4145732
tt1453405,200000000,743559607,543559607
tt2103217,6000000,31081,-5968919
tt1663662,180000000,407602906,227602906
tt1924396,13500000,19255873,5755873
tt0816711,200000000,531865000,331865000
tt1535108,115000000,286140700,171140700
tt1932767,6000000,1066471,-4933529
tt1690953,76000000,970761885,894761885
tt2334879,150000000,205366737,55366737
tt1213663,20000000,46089287,26089287
tt1893256,20000000,8352885,-11647115
tt2404463,43000000,158674180,115674180
tt1210819,255000000,89289910,-165710090
tt1714206,2500000,6854611,4354611
tt2356180,4600000,25000000,20400000
tt0790736,130000000,61648500,-68351500
tt1457767,13000000,318000141,305000141
tt1860353,135000000,282570682,147570682
tt1430132,120000000,415440673,295440673
tt1171701,2000000,13500000,11500000
tt1272878,61000000,131940411,70940411
tt2459022,2200000,208000000,205800000
tt2334873,18000000,99206215,81206215
tt2358891,12400000,8371085,-4028915
tt2292959,250000,56825,-193175
tt1854564,90000000,174578751,84578751
tt2017020,105000000,347434178,242434178
tt0469021,4000000,9800000,5800000
tt0099277,5200000,2459895,-2740105
tt2016940,25000000,2054941,-22945059
tt1723121,37000000,269994119,232994119
tt2191701,80000000,246984278,166984278
tt1650554,28000000,60700000,32700000
tt1411250,38000000,98337295,60337295
tt1691917,50000000,219788712,169788712
tt0097008,7000000,136203,-6863797
tt1413495,35000000,13785015,-21214985
tt2013293,30000000,117932401,87932401
tt2357129,12000000,35931410,23931410
tt1538403,60000000,90565421,30565421
tt1327773,25000000,115922175,90922175
tt2294677,1000000,2963902,1963902
tt2194499,12000000,87100449,75100449
tt2112124,18000000,62000000,44000000
tt2005374,27220000,5496951,-21723049
tt2171867,11000000,3639345,-7360655
tt0113394,50,83,33
tt1153040,16000000,11301649,-4698351
tt2103267,16000000,318982,-15681018
tt2378281,5500000,99067206,93567206
tt2167202,18000000,10501938,-7498062
tt1454468,105000000,716392705,611392705
tt1486834,11000000,7847000,-3153000
tt1392214,46000000,122126687,76126687
tt1206543,22000000,15400000,-6600000
tt1985019,4900000,2159041,-2740959
tt1979320,38000000,90247624,52247624
tt2404311,30000000,36894225,6894225
tt1758795,1500000,3566225,2066225
tt2476154,5500000,47000000,41500000
tt1532958,20000000,16549477,-3450523
tt0105078,11000000,1659542,-9340458
tt1821549,12000000,17654912,5654912
tt2172935,18000000,7972967,-10027033
tt2377938,7100000,18000000,10900000
tt2364841,30000000,62616646,32616646
tt2278871,4300000,10165694,5865694
tt2345112,10000000,653651,-9346349
tt2717558,1052753,466088,-586665
tt1985966,78000000,248384621,170384621
tt1535109,55000000,95000000,40000000
tt2002718,12000000,15008161,3008161
tt1450321,5000000,9114264,4114264
tt1060249,15000000,3250000,-11750000
tt1171222,8500000,22456509,13956509
tt2126362,100000,95000,-5000
tt1211956,50000000,122915111,72915111
tt1939659,30000000,82394288,52394288
tt1837703,28000000,8555008,-19444992
tt2193215,25000000,71009334,46009334
tt2024544,20000000,187000000,167000000
tt2017038,9000000,6108720,-2891280
tt1731141,110000000,125537191,15537191
tt3063516,15000000,151831537,136831537
tt1981115,170000000,644571402,474571402
tt0790636,5000000,55198285,50198285
tt2299842,103000,3623330,3520330
tt1621039,55000000,110000000,55000000
tt1204975,28000000,134402450,106402450
tt2431286,12000000,100129872,88129872
tt2083355,17000000,71625195,54625195
tt2718492,2159280,15298355,13139075
tt1951264,130000000,847423452,717423452
tt1170358,250000000,958400000,708400000
tt1335975,175000000,150962475,-24037525
tt2387559,26000000,51164106,25164106
tt1396226,13000000,18295,-12981705
tt2294629,150000000,1274219009,1124219009
tt2042568,11000000,32935319,21935319
tt0993846,100000000,392000694,292000694
tt2312718,22000000,43058898,21058898
tt2304771,35000000,27330000,-7670000
tt1322269,25000000,74188937,49188937
tt2786278,110000,270000,160000
tt2224004,7000000,6147,-6993853
tt1800241,40000000,251171807,211171807
tt0359950,90000000,188133322,98133322
tt1798709,23000000,47351251,24351251
tt1091191,40000000,149295601,109295601
tt2140373,35000000,112544580,77544580
tt1041804,90000000,16178959,-73821041
tt2275471,5000000,388,-4999612
tt1321511,30000000,4861022,-25138978
tt1695765,1,2755584,2755583
tt1229340,50000000,173649015,123649015
tt1706620,39200000,86758912,47558912
tt2062575,4620000,2395000,-2225000
tt1663143,14000000,11417362,-2582638
tt2101473,32000000,57284237,25284237
tt0093543,7200000,2300000,-4900000